0.864098
1.2249
1.28061
1.434
1.36405
1.46915
1.45349
1.50732
1.49598
1.59965
1.60447
1.73223
1.69935
2.03454
1.90785
1.93158
1.93852
2.00431
2.03537
2.02821
2.30584
2.12187
2.18178
2.17824
2.13618
2.12984
2.18824
2.25087
2.21692
2.22941
2.29764
2.29642
2.27851
2.26542
2.33383
2.35415
2.33495
2.32878
2.32993
2.38593
2.42071
2.48192
2.46916
2.44598
21.4184
2.53815
2.78024
2.77455
2.51204
2.75895
2.58779
2.5694
2.61439
2.66445
2.56783
2.61828
2.6845
2.66391
2.70548
2.7569
2.69635
2.68047
2.7437
2.72614
2.8388
2.82662
2.8637
2.90282
2.81631
2.79548
2.83463
2.81501
2.81272
2.79679
2.84477
2.87933
2.88697
2.91945
2.9809
2.9621
3.01001
2.99462
3.07033
3.0518
3.06938
3.10424
3.06353
3.04397
3.00486
3.03171
3.07113
3.05145
3.0783
3.06093
3.20094
3.22271
3.1942
3.21709
3.17031
3.15097
