1.10045
1.2353
1.29627
1.45624
1.5422
1.49668
1.63854
1.68392
1.67309
1.78824
1.78076
1.90519
1.99352
2.38322
2.19573
2.22177
2.32565
2.38762
2.42227
2.51454
2.84968
2.58252
2.64552
2.74579
2.69614
2.7883
2.83386
2.80983
2.87158
2.97143
3.05439
3.05782
3.11998
3.11727
3.11648
3.20673
3.1881
3.27337
3.27534
3.33518
3.46613
3.46307
3.55037
3.59831
30.5348
3.47853
3.9317
3.93342
3.6358
4.02443
3.70357
3.70159
3.79451
3.86788
3.75223
3.82237
3.95426
3.94989
4.04763
4.11974
3.99581
4.06075
4.05401
4.05077
4.23598
4.29716
4.29467
4.35503
4.19994
4.19719
4.226
4.27712
4.18388
4.18265
4.2803
4.33212
4.38143
4.4331
4.48086
4.53309
4.62697
4.62582
4.67482
4.72431
4.71733
4.76883
4.67389
4.72157
4.66974
4.66839
4.73705
4.78392
4.78746
4.83391
4.99021
5.03667
5.0712
5.07099
5.05102
5.05074
