1.00282
1.89584
3.43602
3.7378
3.91842
3.94504
3.34335
4.27524
4.64531
4.67989
4.86669
5.00046
5.14331
5.18929
4.46641
5.01724
5.75791
5.77896
5.86291
6.00735
5.16803
5.68818
6.67392
6.76871
6.94895
6.96937
7.04363
7.08535
6.10537
6.55904
7.64557
8.05369
8.16145
8.22413
8.26089
7.20654
7.86449
9.2325
9.48044
9.71582
9.8526
9.9297
8.67372
9.04726
10.9953
11.2619
11.3368
11.5186
11.6076
11.6466
9.87612
10.0201
12.7068
12.912
13.2129
13.4076
13.5404
11.2097
12.4847
14.4018
14.6523
14.6217
14.796
14.8818
14.9196
13.3952
13.4222
15.4103
15.976
16.3117
16.3728
16.408
16.7589
14.3813
12.4957
12.7283
11.9545
11.4849
12.7328
12.7041
11.9354
13.1682
15.0968
16.5386
16.3779
18.8216
20.5627
22.0656
23.6638
23.846
28.2957
28.3062
34.2273
35.8713
36.3416
41.1946
41.567
44.2617
46.7008
46.7389
49.0118
55.4687
55.1619
57.7971
61.496
65.2554
70.2455
69.403
74.5385
78.2126
80.7063
84.129
91.5527
92.377
80.1465
90.5568
94.7046
96.5388
95.0278
99.7777
100.693
100.125
100.69
104.585
89.1146
88.6633
108.273
109.62
124.648
115.668
119.952
120.834
122.583
125.156
128.703
106.007
114.625
119.226
124.211
126.217
125.403
120.073
210.918
366.916
426.099
438.386
447.66
455.847
461.391
471.248
471.568
427.316
472.226
480.45
488.116
497.029
505.282
510.806
519.804
479.461
537.519
550.558
559.862
574.681
586.184
597.617
610.337
615.595
554.982
619.035
629.45
642.856
657.297
669.543
682.563
707.059
607.319
677.282
700.471
716.018
730.19
745.457
758.48
795.444
705.384
777.068
803.457
824.032
839.053
852.346
877.979
926.658
783.289
891.774
915.13
932.606
975.998
972.443
997.588
1023.14
1081.53
908.271
1001.65
1035.98
1064.93
1083.29
1109.87
1122.74
1159.45
1255.82
968.804
1113
1159.08
1157.97
1202.77
1259.27
1211.42
1359.71
1104.1
1220.75
1262.18
1317.72
1313.18
1331.76
1367.74
1420.63
1516.86
1231.47
1372.48
1412.87
1447.59
1479.45
1504.47
1537.47
1560.2
1421.88
1552.28
1589.48
1639.99
1686.27
1726.62
1709.53
1755.14
1849.63
1587.62
1748.3
1847.24
1852.25
1938.35
1967.31
1976.23
2033.96
2124.61
1760.32
1917.02
1986.5
2036.02
2166.96
2114.63
2214.23
2255.59
1933.17
2184.42
2292.34
2354.97
2368.2
2391.99
2459.59
2629.26
2300.9
