0.992666
1.30622
1.37475
1.40811
1.44563
1.48034
1.66568
1.64493
1.68264
1.71584
1.77446
1.81033
1.8471
1.84747
2.03442
2.03635
2.06843
2.09997
2.1345
2.17105
2.32233
2.38453
2.4188
2.45481
2.45536
2.49158
2.52694
2.56323
2.75175
2.7535
2.77765
2.80976
2.8437
2.8782
2.91279
3.09677
3.10599
3.15056
3.18723
3.21988
3.25325
3.28771
3.47114
3.51647
3.54365
3.57773
3.61083
3.63971
3.67306
3.70799
3.89853
3.89868
3.91417
3.97545
4.00718
4.04015
4.07331
4.26013
4.30905
4.37184
4.49942
4.53273
4.69428
4.82247
4.95216
4.88622
5.26295
5.35273
5.44535
5.50995
5.51156
5.5439
5.64016
5.71308
5.77908
6.07188
6.59325
6.83606
7.48416
8.52931
8.86706
9.27389
9.82797
9.88629
9.55764
9.97157
10.0101
9.95443
10.2726
10.9651
11.1143
10.9105
11.3661
11.9762
12.142
12.1784
12.2785
12.6217
12.7358
12.9258
13.0484
13.309
13.2702
13.1123
13.2746
13.2705
13.9245
13.8733
13.7457
14.1169
14.1071
14.3834
14.7861
14.7481
14.2306
15.0194
14.9679
14.8033
15.1803
15.03
15.2217
15.4464
15.3259
15.3698
15.0856
14.645
16.1833
15.9093
16.5367
15.7104
15.8996
15.98
16.015
16.066
16.0399
15.5734
15.5856
15.8385
15.7199
15.6926
15.4795
15.5843
46.5229
45.914
46.1123
46.4949
46.7755
47.048
47.3862
47.7608
48.017
47.6108
47.7451
48.0645
48.4523
48.836
49.3568
49.6779
50.5658
50.3651
50.8352
51.1812
51.8542
52.2788
52.8179
53.3914
53.8629
54.5618
54.2537
54.6643
55.3302
55.8663
56.4185
57.2395
57.7446
58.4781
58.2359
58.924
59.5274
60.0876
60.997
61.6794
62.4892
63.4449
62.9261
63.5819
64.2808
64.8334
65.6177
66.794
67.686
68.5239
68.595
69.1499
69.9473
70.8318
71.7019
72.6742
73.606
74.6468
75.2496
74.8916
75.9298
76.8576
77.8734
78.4494
79.621
80.2444
81.4917
82.7239
80.7529
81.75
82.2017
83.5358
84.9021
85.5055
86.3553
87.0159
85.2126
85.736
86.5754
87.26
88.8613
89.5586
90.2622
91.5273
92.437
88.4783
89.3997
90.5826
91.2553
92.4462
93.5044
94.061
94.698
93.4916
94.2351
94.7391
96.1822
97.4861
98.5156
98.9482
100.583
100.841
98.7241
99.6696
101.015
101.897
102.881
103.667
104.823
105.705
106.944
103.678
104.399
106.223
107.167
108.344
108.771
109.689
110.789
108.409
109.243
110.535
111.439
112.209
113.938
114.72
115.544
113.333
