#vector_size	count	cdf
1	200503	0.781146
2	42232	0.945679
3	3785	0.960425
4	2750	0.971139
5	1299	0.9762
6	1039	0.980248
7	644	0.982757
8	585	0.985036
9	414	0.986649
10	359	0.988047
11	234	0.988959
12	253	0.989945
13	195	0.990704
14	162	0.991335
15	125	0.991822
16	123	0.992302
17	124	0.992785
18	84	0.993112
19	70	0.993385
20	81	0.9937
21	63	0.993946
22	55	0.99416
23	49	0.994351
24	61	0.994589
25	41	0.994748
26	47	0.994931
27	35	0.995068
28	49	0.995259
29	32	0.995383
30	35	0.99552
31	26	0.995621
32	26	0.995722
33	27	0.995827
34	16	0.99589
35	25	0.995987
36	19	0.996061
37	28	0.99617
38	16	0.996233
39	25	0.99633
40	20	0.996408
41	13	0.996459
42	28	0.996568
43	10	0.996607
44	12	0.996653
45	13	0.996704
46	13	0.996755
47	18	0.996825
48	10	0.996864
49	17	0.99693
50	13	0.996981
51	7	0.997008
52	12	0.997055
53	6	0.997078
54	15	0.997136
55	8	0.997168
56	9	0.997203
57	10	0.997242
58	8	0.997273
59	6	0.997296
60	10	0.997335
61	10	0.997374
62	8	0.997405
63	9	0.99744
64	7	0.997468
65	5	0.997487
66	5	0.997507
67	4	0.997522
68	6	0.997546
69	11	0.997588
70	9	0.997623
71	6	0.997647
72	6	0.99767
73	11	0.997713
74	5	0.997733
75	6	0.997756
76	6	0.997779
77	4	0.997795
78	8	0.997826
79	4	0.997842
80	2	0.997849
81	3	0.997861
82	4	0.997877
83	5	0.997896
84	8	0.997927
85	6	0.997951
86	4	0.997966
87	2	0.997974
88	6	0.997997
89	3	0.998009
90	5	0.998029
91	5	0.998048
92	3	0.99806
93	4	0.998075
94	8	0.998107
95	1	0.99811
96	6	0.998134
97	3	0.998146
98	4	0.998161
99	9	0.998196
100	5	0.998216
101	7	0.998243
102	5	0.998262
103	3	0.998274
104	2	0.998282
105	3	0.998294
106	2	0.998301
107	4	0.998317
108	2	0.998325
109	8	0.998356
110	2	0.998364
111	3	0.998375
112	2	0.998383
113	5	0.998403
114	3	0.998414
115	5	0.998434
116	1	0.998438
117	3	0.998449
118	2	0.998457
119	6	0.998481
121	1	0.998484
122	1	0.998488
123	2	0.998496
124	3	0.998508
125	1	0.998512
127	5	0.998531
128	2	0.998539
129	2	0.998547
130	1	0.998551
131	3	0.998562
133	5	0.998582
134	6	0.998605
135	4	0.998621
136	2	0.998629
137	1	0.998633
138	3	0.998644
139	3	0.998656
140	7	0.998683
141	1	0.998687
142	2	0.998695
143	1	0.998699
144	2	0.998707
145	2	0.998714
146	1	0.998718
148	1	0.998722
149	1	0.998726
150	1	0.99873
152	1	0.998734
153	1	0.998738
154	4	0.998753
155	2	0.998761
156	1	0.998765
158	1	0.998769
161	2	0.998777
162	6	0.9988
163	2	0.998808
164	2	0.998816
165	1	0.99882
166	1	0.998823
167	1	0.998827
168	4	0.998843
169	2	0.998851
171	2	0.998858
172	4	0.998874
173	2	0.998882
174	2	0.99889
175	1	0.998894
176	2	0.998901
177	1	0.998905
178	1	0.998909
179	1	0.998913
180	1	0.998917
181	2	0.998925
184	2	0.998933
186	1	0.998936
187	1	0.99894
188	1	0.998944
189	4	0.99896
190	1	0.998964
191	2	0.998971
192	2	0.998979
193	1	0.998983
194	2	0.998991
195	3	0.999003
197	4	0.999018
198	1	0.999022
200	1	0.999026
201	2	0.999034
202	1	0.999038
206	2	0.999045
208	1	0.999049
209	1	0.999053
210	1	0.999057
212	1	0.999061
213	1	0.999065
214	2	0.999073
216	3	0.999084
218	1	0.999088
221	1	0.999092
225	1	0.999096
226	1	0.9991
229	1	0.999104
230	1	0.999108
231	1	0.999112
232	1	0.999116
234	1	0.99912
238	1	0.999123
242	1	0.999127
244	2	0.999135
245	2	0.999143
247	1	0.999147
248	2	0.999155
249	2	0.999162
250	1	0.999166
251	2	0.999174
255	1	0.999178
256	1	0.999182
258	1	0.999186
262	1	0.99919
263	1	0.999194
264	1	0.999197
265	1	0.999201
268	2	0.999209
270	1	0.999213
272	2	0.999221
273	1	0.999225
274	2	0.999233
280	2	0.99924
281	2	0.999248
284	2	0.999256
286	1	0.99926
289	1	0.999264
290	1	0.999268
293	1	0.999271
294	1	0.999275
296	1	0.999279
299	1	0.999283
302	1	0.999287
307	2	0.999295
312	1	0.999299
314	2	0.999307
315	3	0.999318
318	1	0.999322
322	1	0.999326
326	2	0.999334
328	1	0.999338
331	1	0.999342
332	1	0.999345
336	1	0.999349
340	2	0.999357
347	1	0.999361
350	1	0.999365
352	1	0.999369
355	1	0.999373
370	1	0.999377
371	1	0.999381
374	3	0.999392
375	1	0.999396
380	1	0.9994
385	1	0.999404
389	1	0.999408
392	1	0.999412
393	1	0.999416
394	1	0.99942
396	1	0.999423
397	1	0.999427
404	2	0.999435
407	1	0.999439
410	1	0.999443
413	1	0.999447
417	1	0.999451
420	1	0.999455
424	1	0.999458
425	1	0.999462
430	1	0.999466
431	1	0.99947
436	1	0.999474
438	1	0.999478
441	2	0.999486
445	1	0.99949
446	1	0.999494
449	1	0.999497
451	1	0.999501
460	1	0.999505
465	1	0.999509
468	1	0.999513
471	1	0.999517
473	1	0.999521
478	1	0.999525
491	1	0.999529
494	1	0.999532
503	1	0.999536
509	1	0.99954
514	1	0.999544
517	1	0.999548
525	1	0.999552
532	1	0.999556
533	2	0.999564
534	1	0.999568
541	1	0.999571
561	1	0.999575
569	1	0.999579
572	1	0.999583
581	1	0.999587
586	1	0.999591
604	1	0.999595
621	2	0.999603
625	1	0.999607
632	1	0.99961
634	1	0.999614
650	1	0.999618
652	1	0.999622
670	1	0.999626
683	1	0.99963
686	1	0.999634
688	1	0.999638
689	1	0.999642
691	2	0.999649
692	1	0.999653
714	1	0.999657
715	1	0.999661
730	1	0.999665
735	1	0.999669
738	1	0.999673
743	1	0.999677
748	1	0.999681
763	1	0.999684
764	2	0.999692
780	1	0.999696
781	1	0.9997
784	1	0.999704
786	1	0.999708
796	1	0.999712
807	1	0.999716
809	1	0.999719
810	1	0.999723
823	1	0.999727
825	1	0.999731
836	1	0.999735
860	1	0.999739
866	1	0.999743
883	1	0.999747
884	3	0.999758
886	1	0.999762
892	1	0.999766
911	1	0.99977
923	1	0.999774
979	1	0.999778
986	1	0.999782
1022	1	0.999786
1023	1	0.99979
1032	1	0.999794
1037	1	0.999797
1044	1	0.999801
1083	1	0.999805
1106	1	0.999809
1107	1	0.999813
1155	1	0.999817
1170	1	0.999821
1196	1	0.999825
1198	1	0.999829
1212	1	0.999832
1242	1	0.999836
1244	1	0.99984
1249	1	0.999844
1293	1	0.999848
1319	1	0.999852
1329	1	0.999856
1331	1	0.99986
1417	1	0.999864
1456	1	0.999868
1461	1	0.999871
1493	1	0.999875
1523	1	0.999879
1547	1	0.999883
1567	1	0.999887
1616	1	0.999891
1666	1	0.999895
1786	1	0.999899
1907	1	0.999903
1929	1	0.999906
1947	1	0.99991
1995	1	0.999914
2031	1	0.999918
2097	1	0.999922
2117	1	0.999926
2269	1	0.99993
2406	1	0.999934
2580	1	0.999938
2616	1	0.999942
2736	1	0.999945
2906	1	0.999949
2910	1	0.999953
3079	1	0.999957
3202	1	0.999961
3516	1	0.999965
3984	1	0.999969
4025	1	0.999973
4416	1	0.999977
5095	1	0.999981
9327	1	0.999984
9804	1	0.999988
10480	1	0.999992
10751	1	0.999996
13634	1	1
