#vector_size	early_hit_ratio	hits_in_first_half	total_checks
5	0.509623	1324	2598
6	0.714469	2227	3117
7	0.582686	1501	2576
8	0.695385	2034	2925
9	0.655395	1628	2484
10	0.712296	1790	2513
11	0.653846	1224	1872
12	0.687747	1566	2277
13	0.650769	1269	1950
14	0.712121	1269	1782
15	0.676	1014	1500
16	0.714196	1142	1599
17	0.669931	1163	1736
18	0.746825	941	1260
19	0.678571	760	1120
20	0.705882	972	1377
21	0.664021	753	1134
22	0.669856	700	1045
23	0.677551	664	980
24	0.68306	875	1281
25	0.646341	583	902
26	0.655874	709	1081
27	0.635714	534	840
28	0.707755	867	1225
29	0.617788	514	832
30	0.674074	637	945
31	0.622253	453	728
32	0.647215	488	754
33	0.7	567	810
34	0.707661	351	496
35	0.68875	551	800
36	0.749601	470	627
37	0.703782	670	952
38	0.651786	365	560
39	0.686667	618	900
40	0.643243	476	740
41	0.591093	292	494
42	0.715201	781	1092
43	0.61	244	400
44	0.650407	320	492
45	0.675824	369	546
46	0.701252	392	559
47	0.766414	607	792
48	0.675556	304	450
49	0.707161	553	782
50	0.666121	407	611
51	0.613095	206	336
52	0.778912	458	588
53	0.713333	214	300
54	0.677124	518	765
55	0.769231	320	416
56	0.662474	316	477
57	0.762963	412	540
58	0.606818	267	440
59	0.654762	220	336
60	0.736842	420	570
61	0.77069	447	580
62	0.646186	305	472
63	0.757407	409	540
64	0.594848	254	427
65	0.764516	237	310
66	0.511111	161	315
67	0.734375	188	256
68	0.669231	261	390
69	0.679063	493	726
70	0.668325	403	603
71	0.602941	246	408
72	0.671498	278	414
73	0.702597	541	770
74	0.571831	203	355
75	0.736111	318	432
76	0.659817	289	438
77	0.827703	245	296
78	0.628333	377	600
79	0.759868	231	304
80	0.642857	99	154
81	0.679487	159	234
82	0.803797	254	316
83	0.59	236	400
84	0.720679	467	648
85	0.632114	311	492
86	0.777108	258	332
87	0.541667	91	168
88	0.6	306	510
89	0.674419	174	258
90	0.721839	314	435
91	0.761364	335	440
92	0.614232	164	267
93	0.833333	300	360
94	0.688187	501	728
95	0.597826	55	92
96	0.732975	409	558
97	0.77305	218	282
98	0.828947	315	380
99	0.604167	522	864
100	0.682474	331	485
101	0.648688	445	686
102	0.694949	344	495
103	0.823333	247	300
104	0.653465	132	202
105	0.866013	265	306
106	0.616505	127	206
107	0.677885	282	416
108	0.752381	158	210
109	0.686321	582	848
110	0.803738	172	214
111	0.833333	270	324
112	0.582569	127	218
113	0.661818	364	550
114	0.795796	265	333
115	0.701786	393	560
116	0.247788	28	113
117	0.915205	313	342
118	0.908696	209	230
119	0.662356	461	696
121	0.974576	115	118
122	0.991597	118	119
123	0.483333	116	240
124	0.633609	230	363
125	0.598361	73	122
127	0.753226	467	620
128	0.656	164	250
129	0.801587	202	252
130	0.519685	66	127
131	0.622396	239	384
133	0.543077	353	650
134	0.685751	539	786
135	0.638258	337	528
136	0.642857	171	266
137	0.776119	104	134
138	0.669136	271	405
139	0.791667	323	408
140	0.718457	689	959
141	0.971014	134	138
142	0.776978	216	278
143	0.614286	86	140
144	0.684397	193	282
145	0.59507	169	284
146	0.965035	138	143
148	0.737931	107	145
149	0.739726	108	146
150	0.741497	109	147
152	0.644295	96	149
153	0.706667	106	150
154	0.740066	447	604
155	0.654605	199	304
156	0.45098	69	153
158	0.516129	80	155
161	0.537975	170	316
162	0.718029	685	954
163	0.578125	185	320
164	0.919255	296	322
165	0.660494	107	162
166	0.564417	92	163
167	0.682927	112	164
168	0.674242	445	660
169	0.63253	210	332
171	0.494048	166	336
172	0.711538	481	676
173	0.667647	227	340
174	0.652047	223	342
175	0.866279	149	172
176	0.817919	283	346
177	0.626437	109	174
178	0.314286	55	175
179	0.789773	139	176
180	0.389831	69	177
181	0.817416	291	356
184	0.718232	260	362
186	1	183	183
187	0.532609	98	184
188	0.464865	86	185
189	0.672043	500	744
190	0.572193	107	187
191	0.792553	298	376
192	0.949735	359	378
193	0.373684	71	190
194	0.662304	253	382
195	0.581597	335	576
197	0.725515	563	776
198	0.846154	165	195
200	0.817259	161	197
201	0.512626	203	396
202	0.527638	105	199
206	0.610837	248	406
208	0.604878	124	205
209	0.699029	144	206
210	0.985507	204	207
212	0.727273	152	209
213	0.847619	178	210
214	0.656398	277	422
216	0.668232	427	639
218	0.748837	161	215
221	0.481651	105	218
225	0.693694	154	222
226	0.766816	171	223
229	0.70354	159	226
230	0.599119	136	227
231	0.5	114	228
232	0.528384	121	229
234	1	231	231
238	0.723404	170	235
242	0.468619	112	239
244	0.794606	383	482
245	0.828512	401	484
247	0.844262	206	244
248	0.714286	350	490
249	0.71748	353	492
250	0.595142	147	247
251	0.643145	319	496
255	0.416667	105	252
256	0.41502	105	253
258	0.8	204	255
262	0.606178	157	259
263	0.523077	136	260
264	0.743295	194	261
265	0.977099	256	262
268	0.790566	419	530
270	0.625468	167	267
272	0.633829	341	538
273	0.959259	259	270
274	0.625461	339	542
280	0.790614	438	554
281	0.559353	311	556
284	0.661922	372	562
286	0.572438	162	283
289	0.727273	208	286
290	0.662021	190	287
293	0.531034	154	290
294	0.659794	192	291
296	0.699659	205	293
299	0.722973	214	296
302	0.51505	154	299
307	0.773026	470	608
312	0.640777	198	309
314	0.79582	495	622
315	0.71688	671	936
318	0.749206	236	315
322	0.918495	293	319
326	0.766254	495	646
328	0.421538	137	325
331	0.667683	219	328
332	0.510638	168	329
336	0.786787	262	333
340	0.624629	421	674
347	0.68314	235	344
350	0.708934	246	347
352	0.550143	192	349
355	0.644886	227	352
370	0.959128	352	367
371	0.711957	262	368
374	0.712489	793	1113
375	0.669355	249	372
380	0.480106	181	377
385	0.895288	342	382
389	0.764249	295	386
392	0.730077	284	389
393	0.807692	315	390
394	0.616368	241	391
396	0.615776	242	393
397	0.619289	244	394
404	0.684539	549	802
407	0.898515	363	404
410	0.751843	306	407
413	0.453659	186	410
417	0.623188	258	414
420	0.53717	224	417
424	0.907363	382	421
425	0.808057	341	422
430	0.569087	243	427
431	0.647196	277	428
436	0.986143	427	433
438	0.455172	198	435
441	0.520548	456	876
445	0.68552	303	442
446	0.744921	330	443
449	0.589686	263	446
451	0.828125	371	448
460	0.673961	308	457
465	0.75974	351	462
468	0.716129	333	465
471	0.617521	289	468
473	0.595745	280	470
478	0.576842	274	475
491	0.512295	250	488
494	0.753564	370	491
503	0.39	195	500
509	0.588933	298	506
514	0.982387	502	511
517	0.768482	395	514
525	0.747126	390	522
532	0.412098	218	529
533	0.685849	727	1060
534	0.760829	404	531
541	0.752788	405	538
561	0.501792	280	558
569	0.782686	443	566
572	0.973638	554	569
581	0.600346	347	578
586	0.626072	365	583
604	0.878536	528	601
621	0.652104	806	1236
625	0.863344	537	622
632	0.742448	467	629
634	0.59588	376	631
650	0.587326	380	647
652	0.439137	285	649
670	0.818591	546	667
683	0.6	408	680
686	0.522694	357	683
688	0.845255	579	685
689	0.418367	287	686
691	0.656977	904	1376
692	0.628447	433	689
714	0.864979	615	711
715	0.901685	642	712
730	0.687758	500	727
735	0.889344	651	732
738	0.893878	657	735
743	0.609459	451	740
748	0.692617	516	745
763	0.693421	527	760
764	0.651774	992	1522
780	0.723295	562	777
781	0.839332	653	778
784	0.783611	612	781
786	0.787995	617	783
796	0.929382	737	793
807	0.55597	447	804
809	0.590571	476	806
810	0.530359	428	807
823	0.560976	460	820
825	0.992701	816	822
836	0.521008	434	833
860	0.808635	693	857
866	0.584009	504	863
883	0.325	286	880
884	0.786984	2080	2643
886	0.558324	493	883
892	0.749156	666	889
911	0.448238	407	908
923	0.618478	569	920
979	0.720287	703	976
986	0.604273	594	983
1022	0.634936	647	1019
1023	0.538235	549	1020
1032	0.521866	537	1029
1037	0.705029	729	1034
1044	0.549472	572	1041
1083	0.552778	597	1080
1106	0.819583	904	1103
1107	0.809783	894	1104
1155	0.757812	873	1152
1170	0.721508	842	1167
1196	0.814753	972	1193
1198	0.733891	877	1195
1212	0.588089	711	1209
1242	0.720743	893	1239
1244	0.663175	823	1241
1249	0.983146	1225	1246
1293	0.59845	772	1290
1319	0.803951	1058	1316
1329	0.892911	1184	1326
1331	0.628012	834	1328
1417	0.819661	1159	1414
1456	0.679284	987	1453
1461	0.788752	1150	1458
1493	0.607383	905	1490
1523	0.679605	1033	1520
1547	0.635363	981	1544
1567	0.871483	1363	1564
1616	0.6677	1077	1613
1666	0.573061	953	1663
1786	0.768929	1371	1783
1907	0.986345	1878	1904
1929	0.589823	1136	1926
1947	0.516975	1005	1944
1995	0.781124	1556	1992
2031	0.688363	1396	2028
2097	0.512416	1073	2094
2117	0.825449	1745	2114
2269	0.707855	1604	2266
2406	0.903038	2170	2403
2580	0.743112	1915	2577
2616	0.993494	2596	2613
2736	0.762532	2084	2733
2906	0.636583	1848	2903
2910	0.638459	1856	2907
3079	0.86736	2668	3076
3202	0.613317	1962	3199
3516	0.657273	2309	3513
3984	0.647074	2576	3981
4025	0.642964	2586	4022
4416	0.667346	2945	4413
5095	0.880008	4481	5092
9327	0.780566	7278	9324
9804	0.904398	8864	9801
10480	0.991982	10393	10477
10751	0.79987	8597	10748
13634	0.965446	13160	13631
