#reverse_pos	count	cdf
0	43873	0.254544
1	14348	0.337789
2	8429	0.386693
3	5824	0.420483
4	4179	0.444729
5	3415	0.464542
6	2726	0.480358
7	2271	0.493534
8	1923	0.504691
9	1722	0.514682
10	1577	0.523831
11	1350	0.531664
12	1207	0.538666
13	1011	0.544532
14	1012	0.550404
15	948	0.555904
16	966	0.561508
17	825	0.566295
18	811	0.571
19	709	0.575114
20	764	0.579546
21	679	0.583486
22	675	0.587402
23	744	0.591718
24	626	0.59535
25	623	0.598965
26	559	0.602208
27	526	0.60526
28	572	0.608579
29	516	0.611572
30	475	0.614328
31	486	0.617148
32	475	0.619904
33	424	0.622364
34	419	0.624795
35	423	0.627249
36	407	0.62961
37	436	0.63214
38	394	0.634426
39	352	0.636468
40	396	0.638766
41	393	0.641046
42	367	0.643175
43	347	0.645188
44	310	0.646987
45	380	0.649192
46	321	0.651054
47	283	0.652696
48	351	0.654732
49	324	0.656612
50	276	0.658213
51	315	0.660041
52	285	0.661694
53	284	0.663342
54	291	0.665031
55	284	0.666678
56	273	0.668262
57	249	0.669707
58	277	0.671314
59	310	0.673113
60	332	0.675039
61	277	0.676646
62	250	0.678096
63	246	0.679524
64	215	0.680771
65	245	0.682192
66	219	0.683463
67	214	0.684705
68	225	0.68601
69	233	0.687362
70	196	0.688499
71	207	0.6897
72	212	0.69093
73	185	0.692003
74	228	0.693326
75	182	0.694382
76	193	0.695502
77	171	0.696494
78	170	0.69748
79	193	0.6986
80	172	0.699598
81	231	0.700938
82	194	0.702064
83	204	0.703247
84	161	0.704181
85	151	0.705057
86	169	0.706038
87	206	0.707233
88	148	0.708092
89	171	0.709084
90	155	0.709983
91	151	0.710859
92	177	0.711886
93	189	0.712983
94	148	0.713841
95	173	0.714845
96	163	0.715791
97	185	0.716864
98	168	0.717839
99	175	0.718854
100	167	0.719823
101	133	0.720595
102	128	0.721337
103	138	0.722138
104	147	0.722991
105	164	0.723942
106	156	0.724848
107	143	0.725677
108	129	0.726426
109	131	0.727186
110	126	0.727917
111	97	0.72848
112	132	0.729245
113	116	0.729918
114	119	0.730609
115	143	0.731438
116	109	0.732071
117	130	0.732825
118	127	0.733562
119	132	0.734328
120	200	0.735488
121	120	0.736184
122	109	0.736817
123	112	0.737467
124	110	0.738105
125	91	0.738633
126	108	0.739259
127	131	0.740019
128	119	0.74071
129	122	0.741418
130	119	0.742108
131	115	0.742775
132	132	0.743541
133	112	0.744191
134	120	0.744887
135	137	0.745682
136	107	0.746303
137	97	0.746866
138	97	0.747428
139	113	0.748084
140	98	0.748653
141	88	0.749163
142	79	0.749621
143	102	0.750213
144	96	0.75077
145	89	0.751287
146	87	0.751791
147	81	0.752261
148	79	0.75272
149	82	0.753195
150	90	0.753718
151	96	0.754275
152	82	0.75475
153	97	0.755313
154	88	0.755824
155	85	0.756317
156	92	0.756851
157	87	0.757355
158	76	0.757796
159	87	0.758301
160	74	0.75873
161	77	0.759177
162	77	0.759624
163	68	0.760018
164	82	0.760494
165	69	0.760894
166	62	0.761254
167	80	0.761718
168	67	0.762107
169	76	0.762548
170	73	0.762971
171	79	0.76343
172	71	0.763842
173	69	0.764242
174	72	0.76466
175	69	0.76506
176	77	0.765507
177	69	0.765907
178	87	0.766412
179	81	0.766882
180	116	0.767555
181	59	0.767897
182	68	0.768292
183	74	0.768721
184	84	0.769208
185	126	0.769939
186	64	0.770311
187	73	0.770734
188	76	0.771175
189	106	0.77179
190	68	0.772185
191	53	0.772492
192	71	0.772904
193	73	0.773328
194	63	0.773693
195	54	0.774007
196	54	0.77432
197	66	0.774703
198	49	0.774987
199	52	0.775289
200	55	0.775608
201	49	0.775892
202	67	0.776281
203	71	0.776693
204	50	0.776983
205	60	0.777331
206	52	0.777633
207	41	0.777871
208	67	0.778259
209	66	0.778642
210	50	0.778932
211	69	0.779333
212	70	0.779739
213	71	0.780151
214	72	0.780568
215	79	0.781027
216	141	0.781845
217	80	0.782309
218	66	0.782692
219	82	0.783168
220	98	0.783736
221	50	0.784026
222	70	0.784432
223	62	0.784792
224	68	0.785187
225	69	0.785587
226	50	0.785877
227	52	0.786179
228	43	0.786428
229	51	0.786724
230	46	0.786991
231	37	0.787206
232	53	0.787513
233	46	0.78778
234	53	0.788088
235	39	0.788314
236	55	0.788633
237	65	0.78901
238	60	0.789358
239	50	0.789648
240	65	0.790025
241	61	0.790379
242	49	0.790664
243	48	0.790942
244	42	0.791186
245	49	0.79147
246	56	0.791795
247	57	0.792126
248	45	0.792387
249	46	0.792654
250	78	0.793106
251	66	0.793489
252	66	0.793872
253	62	0.794232
254	72	0.79465
255	76	0.79509
256	59	0.795433
257	79	0.795891
258	92	0.796425
259	54	0.796738
260	41	0.796976
261	45	0.797237
262	41	0.797475
263	41	0.797713
264	35	0.797916
265	42	0.79816
266	43	0.798409
267	48	0.798688
268	34	0.798885
269	34	0.799082
270	47	0.799355
271	50	0.799645
272	52	0.799947
273	45	0.800208
274	51	0.800504
275	35	0.800707
276	42	0.80095
277	53	0.801258
278	71	0.80167
279	119	0.80236
280	85	0.802853
281	65	0.80323
282	65	0.803608
283	47	0.80388
284	34	0.804078
285	48	0.804356
286	81	0.804826
287	52	0.805128
288	45	0.805389
289	42	0.805632
290	46	0.805899
291	46	0.806166
292	52	0.806468
293	45	0.806729
294	31	0.806909
295	47	0.807182
296	35	0.807385
297	41	0.807622
298	49	0.807907
299	31	0.808087
300	58	0.808423
301	57	0.808754
302	43	0.809003
303	46	0.80927
304	31	0.80945
305	31	0.80963
306	48	0.809908
307	42	0.810152
308	22	0.81028
309	35	0.810483
310	43	0.810732
311	36	0.810941
312	40	0.811173
313	35	0.811376
314	38	0.811597
315	43	0.811846
316	38	0.812067
317	37	0.812281
318	44	0.812537
319	35	0.81274
320	36	0.812949
321	32	0.813134
322	30	0.813308
323	28	0.813471
324	26	0.813622
325	37	0.813836
326	31	0.814016
327	35	0.814219
328	34	0.814416
329	30	0.81459
330	32	0.814776
331	32	0.814962
332	33	0.815153
333	46	0.81542
334	40	0.815652
335	26	0.815803
336	37	0.816018
337	37	0.816232
338	41	0.81647
339	44	0.816726
340	37	0.81694
341	24	0.817079
342	36	0.817288
343	38	0.817509
344	33	0.8177
345	35	0.817903
346	28	0.818066
347	36	0.818275
348	36	0.818484
349	34	0.818681
350	34	0.818878
351	32	0.819064
352	32	0.819249
353	35	0.819452
354	25	0.819597
355	26	0.819748
356	47	0.820021
357	38	0.820241
358	31	0.820421
359	27	0.820578
360	36	0.820787
361	32	0.820973
362	41	0.82121
363	35	0.821413
364	27	0.82157
365	24	0.821709
366	25	0.821854
367	33	0.822046
368	33	0.822237
369	30	0.822411
370	24	0.822551
371	29	0.822719
372	31	0.822899
373	21	0.823021
374	29	0.823189
375	23	0.823322
376	34	0.82352
377	20	0.823636
378	32	0.823821
379	21	0.823943
380	28	0.824106
381	36	0.824314
382	31	0.824494
383	20	0.82461
384	38	0.824831
385	31	0.825011
386	42	0.825254
387	35	0.825457
388	26	0.825608
389	55	0.825927
390	96	0.826484
391	51	0.82678
392	64	0.827151
393	72	0.827569
394	93	0.828109
395	38	0.828329
396	49	0.828614
397	36	0.828822
398	24	0.828962
399	27	0.829118
400	39	0.829345
401	52	0.829646
402	54	0.82996
403	24	0.830099
404	30	0.830273
405	20	0.830389
406	23	0.830522
407	26	0.830673
408	48	0.830952
409	66	0.831335
410	103	0.831932
411	101	0.832518
412	35	0.832721
413	51	0.833017
414	39	0.833243
415	91	0.833771
416	101	0.834357
417	26	0.834508
418	17	0.834607
419	29	0.834775
420	27	0.834932
421	25	0.835077
422	22	0.835204
423	25	0.835349
424	23	0.835483
425	26	0.835634
426	28	0.835796
427	25	0.835941
428	28	0.836104
429	21	0.836226
430	29	0.836394
431	27	0.83655
432	29	0.836719
433	27	0.836875
434	26	0.837026
435	23	0.83716
436	29	0.837328
437	26	0.837479
438	122	0.838187
439	119	0.838877
440	112	0.839527
441	65	0.839904
442	143	0.840734
443	22	0.840861
444	24	0.841
445	38	0.841221
446	25	0.841366
447	17	0.841465
448	25	0.84161
449	20	0.841726
450	28	0.841888
451	19	0.841998
452	14	0.84208
453	17	0.842178
454	14	0.842259
455	24	0.842399
456	21	0.842521
457	18	0.842625
458	27	0.842782
459	25	0.842927
460	19	0.843037
461	23	0.84317
462	22	0.843298
463	31	0.843478
464	24	0.843617
465	24	0.843756
466	17	0.843855
467	19	0.843965
468	27	0.844122
469	29	0.84429
470	30	0.844464
471	20	0.84458
472	20	0.844696
473	21	0.844818
474	27	0.844975
475	19	0.845085
476	22	0.845213
477	24	0.845352
478	29	0.84552
479	19	0.84563
480	16	0.845723
481	15	0.84581
482	15	0.845897
483	26	0.846048
484	21	0.84617
485	20	0.846286
486	17	0.846385
487	14	0.846466
488	14	0.846547
489	21	0.846669
490	21	0.846791
491	21	0.846913
492	18	0.847017
493	18	0.847121
494	16	0.847214
495	26	0.847365
496	26	0.847516
497	15	0.847603
498	20	0.847719
499	19	0.847829
500	22	0.847957
501	17	0.848056
502	24	0.848195
503	20	0.848311
504	23	0.848444
505	32	0.84863
506	23	0.848763
507	29	0.848932
508	17	0.84903
509	13	0.849106
510	27	0.849262
511	23	0.849396
512	21	0.849518
513	22	0.849645
514	14	0.849726
515	22	0.849854
516	24	0.849993
517	21	0.850115
518	26	0.850266
519	24	0.850405
520	27	0.850562
521	18	0.850666
522	25	0.850811
523	24	0.850951
524	26	0.851101
525	25	0.851247
526	12	0.851316
527	19	0.851426
528	24	0.851566
529	21	0.851687
530	23	0.851821
531	31	0.852001
532	18	0.852105
533	26	0.852256
534	16	0.852349
535	22	0.852477
536	22	0.852604
537	17	0.852703
538	25	0.852848
539	16	0.852941
540	18	0.853045
541	25	0.85319
542	20	0.853306
543	15	0.853393
544	18	0.853498
545	34	0.853695
546	20	0.853811
547	20	0.853927
548	16	0.85402
549	15	0.854107
550	16	0.8542
551	14	0.854281
552	20	0.854397
553	14	0.854478
554	15	0.854565
555	21	0.854687
556	24	0.854826
557	25	0.854971
558	29	0.85514
559	26	0.85529
560	18	0.855395
561	20	0.855511
562	27	0.855668
563	22	0.855795
564	15	0.855882
565	28	0.856045
566	23	0.856178
567	21	0.8563
568	22	0.856428
569	27	0.856584
570	24	0.856723
571	23	0.856857
572	19	0.856967
573	14	0.857048
574	19	0.857159
575	18	0.857263
576	19	0.857373
577	12	0.857443
578	10	0.857501
579	11	0.857565
580	19	0.857675
581	15	0.857762
582	19	0.857872
583	16	0.857965
584	18	0.858069
585	29	0.858238
586	12	0.858307
587	18	0.858412
588	20	0.858528
589	19	0.858638
590	24	0.858777
591	22	0.858905
592	15	0.858992
593	28	0.859154
594	22	0.859282
595	19	0.859392
596	22	0.85952
597	19	0.85963
598	19	0.85974
599	20	0.859856
600	18	0.859961
601	18	0.860065
602	27	0.860222
603	20	0.860338
604	12	0.860408
605	11	0.860471
606	17	0.86057
607	16	0.860663
608	13	0.860738
609	13	0.860814
610	14	0.860895
611	12	0.860965
612	17	0.861063
613	10	0.861121
614	19	0.861231
615	16	0.861324
616	18	0.861429
617	48	0.861707
618	94	0.862253
619	160	0.863181
620	119	0.863871
621	43	0.864121
622	83	0.864602
623	43	0.864852
624	62	0.865212
625	34	0.865409
626	17	0.865507
627	24	0.865647
628	9	0.865699
629	14	0.86578
630	21	0.865902
631	34	0.866099
632	19	0.866209
633	19	0.86632
634	14	0.866401
635	17	0.8665
636	17	0.866598
637	18	0.866703
638	6	0.866737
639	22	0.866865
640	19	0.866975
641	16	0.867068
642	18	0.867173
643	18	0.867277
644	14	0.867358
645	18	0.867463
646	19	0.867573
647	18	0.867677
648	24	0.867817
649	25	0.867962
650	15	0.868049
651	20	0.868165
652	18	0.868269
653	17	0.868368
654	16	0.868461
655	16	0.868553
656	15	0.86864
657	10	0.868698
658	13	0.868774
659	15	0.868861
660	20	0.868977
661	11	0.869041
662	7	0.869081
663	23	0.869215
664	11	0.869279
665	17	0.869377
666	16	0.86947
667	11	0.869534
668	12	0.869604
669	12	0.869673
670	5	0.869702
671	14	0.869783
672	14	0.869865
673	14	0.869946
674	11	0.87001
675	11	0.870074
676	12	0.870143
677	12	0.870213
678	17	0.870311
679	15	0.870398
680	18	0.870503
681	11	0.870567
682	10	0.870625
683	10	0.870683
684	8	0.870729
685	16	0.870822
686	14	0.870903
687	12	0.870973
688	9	0.871025
689	16	0.871118
690	14	0.871199
691	20	0.871315
692	14	0.871396
693	13	0.871472
694	21	0.871594
695	21	0.871715
696	11	0.871779
697	10	0.871837
698	18	0.871942
699	12	0.872011
700	11	0.872075
701	14	0.872156
702	11	0.87222
703	11	0.872284
704	8	0.87233
705	7	0.872371
706	15	0.872458
707	10	0.872516
708	17	0.872615
709	9	0.872667
710	17	0.872766
711	15	0.872853
712	10	0.872911
713	9	0.872963
714	10	0.873021
715	13	0.873096
716	10	0.873154
717	8	0.873201
718	4	0.873224
719	12	0.873294
720	6	0.873328
721	10	0.873386
722	18	0.873491
723	8	0.873537
724	10	0.873595
725	16	0.873688
726	10	0.873746
727	14	0.873827
728	8	0.873874
729	13	0.873949
730	10	0.874007
731	17	0.874106
732	8	0.874152
733	10	0.87421
734	9	0.874262
735	10	0.87432
736	7	0.874361
737	7	0.874402
738	5	0.874431
739	10	0.874489
740	9	0.874541
741	12	0.874611
742	11	0.874674
743	18	0.874779
744	11	0.874843
745	13	0.874918
746	11	0.874982
747	8	0.875028
748	7	0.875069
749	7	0.87511
750	8	0.875156
751	7	0.875197
752	11	0.87526
753	9	0.875313
754	8	0.875359
755	11	0.875423
756	15	0.87551
757	7	0.87555
758	13	0.875626
759	7	0.875666
760	8	0.875713
761	9	0.875765
762	17	0.875864
763	13	0.875939
764	14	0.87602
765	9	0.876073
766	10	0.876131
767	12	0.8762
768	3	0.876218
769	9	0.87627
770	15	0.876357
771	8	0.876403
772	10	0.876461
773	13	0.876537
774	12	0.876606
775	9	0.876659
776	10	0.876717
777	11	0.87678
778	11	0.876844
779	6	0.876879
780	13	0.876954
781	12	0.877024
782	9	0.877076
783	7	0.877117
784	5	0.877146
785	15	0.877233
786	6	0.877268
787	9	0.87732
788	13	0.877395
789	11	0.877459
790	8	0.877506
791	6	0.87754
792	9	0.877593
793	7	0.877633
794	8	0.87768
795	8	0.877726
796	19	0.877836
797	7	0.877877
798	6	0.877912
799	12	0.877981
800	10	0.878039
801	13	0.878115
802	11	0.878179
803	10	0.878237
804	12	0.878306
805	10	0.878364
806	7	0.878405
807	8	0.878451
808	10	0.878509
809	6	0.878544
810	10	0.878602
811	13	0.878678
812	9	0.87873
813	12	0.878799
814	13	0.878875
815	4	0.878898
816	9	0.87895
817	8	0.878997
818	12	0.879066
819	6	0.879101
820	10	0.879159
821	12	0.879229
822	8	0.879275
823	8	0.879322
824	7	0.879362
825	5	0.879391
826	6	0.879426
827	8	0.879472
828	11	0.879536
829	9	0.879589
830	6	0.879623
831	6	0.879658
832	9	0.87971
833	16	0.879803
834	13	0.879879
835	12	0.879948
836	7	0.879989
837	10	0.880047
838	9	0.880099
839	6	0.880134
840	11	0.880198
841	9	0.88025
842	8	0.880296
843	13	0.880372
844	8	0.880418
845	5	0.880447
846	9	0.880499
847	7	0.88054
848	8	0.880586
849	1	0.880592
850	8	0.880639
851	13	0.880714
852	2	0.880726
853	5	0.880755
854	7	0.880795
855	9	0.880848
856	6	0.880882
857	6	0.880917
858	9	0.880969
859	8	0.881016
860	9	0.881068
861	8	0.881114
862	7	0.881155
863	6	0.88119
864	6	0.881225
865	11	0.881288
866	6	0.881323
867	8	0.88137
868	10	0.881428
869	9	0.88148
870	9	0.881532
871	6	0.881567
872	11	0.881631
873	11	0.881695
874	10	0.881753
875	3	0.88177
876	7	0.881811
877	10	0.881869
878	7	0.881909
879	8	0.881956
880	12	0.882025
881	1	0.882031
882	5	0.88206
883	11	0.882124
884	7	0.882165
885	4	0.882188
886	6	0.882223
887	8	0.882269
888	6	0.882304
889	9	0.882356
890	9	0.882408
891	10	0.882466
892	10	0.882524
893	9	0.882576
894	7	0.882617
895	7	0.882658
896	15	0.882745
897	14	0.882826
898	12	0.882896
899	11	0.882959
900	7	0.883
901	9	0.883052
902	6	0.883087
903	6	0.883122
904	2	0.883133
905	8	0.88318
906	8	0.883226
907	10	0.883284
908	6	0.883319
909	12	0.883389
910	3	0.883406
911	10	0.883464
912	7	0.883505
913	9	0.883557
914	9	0.883609
915	16	0.883702
916	2	0.883714
917	8	0.88376
918	12	0.88383
919	1	0.883835
920	6	0.88387
921	6	0.883905
922	8	0.883952
923	8	0.883998
924	8	0.884044
925	5	0.884073
926	10	0.884131
927	14	0.884213
928	11	0.884276
929	12	0.884346
930	9	0.884398
931	8	0.884445
932	8	0.884491
933	8	0.884538
934	7	0.884578
935	5	0.884607
936	10	0.884665
937	9	0.884717
938	10	0.884775
939	13	0.884851
940	11	0.884915
941	7	0.884955
942	15	0.885042
943	24	0.885182
944	47	0.885454
945	61	0.885808
946	14	0.885889
947	28	0.886052
948	46	0.886319
949	129	0.887067
950	88	0.887578
951	19	0.887688
952	19	0.887798
953	11	0.887862
954	9	0.887914
955	63	0.88828
956	52	0.888581
957	82	0.889057
958	67	0.889446
959	117	0.890125
960	86	0.890624
961	71	0.891036
962	34	0.891233
963	21	0.891355
964	5	0.891384
965	5	0.891413
966	9	0.891465
967	5	0.891494
968	10	0.891552
969	5	0.891581
970	10	0.891639
971	6	0.891674
972	7	0.891714
973	11	0.891778
974	12	0.891848
975	6	0.891883
976	5	0.891912
977	5	0.891941
978	6	0.891975
979	4	0.891999
980	6	0.892033
981	7	0.892074
982	7	0.892115
983	3	0.892132
984	14	0.892213
985	7	0.892254
986	14	0.892335
987	6	0.89237
988	13	0.892445
989	6	0.89248
990	9	0.892532
991	8	0.892579
992	5	0.892608
993	9	0.89266
994	8	0.892707
995	7	0.892747
996	10	0.892805
997	5	0.892834
998	8	0.892881
999	6	0.892915
1000	9	0.892968
1001	7	0.893008
1002	6	0.893043
1003	9	0.893095
1004	9	0.893147
1005	15	0.893234
1006	4	0.893258
1007	8	0.893304
1008	3	0.893321
1009	6	0.893356
1010	5	0.893385
1012	4	0.893409
1013	7	0.893449
1014	5	0.893478
1015	2	0.89349
1016	5	0.893519
1017	7	0.893559
1018	4	0.893583
1019	5	0.893612
1020	2	0.893623
1021	7	0.893664
1022	8	0.89371
1023	2	0.893722
1024	5	0.893751
1025	6	0.893786
1026	9	0.893838
1027	4	0.893861
1028	5	0.89389
1029	9	0.893942
1030	5	0.893971
1031	9	0.894024
1032	12	0.894093
1033	10	0.894151
1034	2	0.894163
1035	2	0.894174
1036	5	0.894203
1037	6	0.894238
1038	7	0.894279
1039	6	0.894314
1040	6	0.894348
1041	7	0.894389
1042	12	0.894459
1043	4	0.894482
1044	8	0.894528
1045	11	0.894592
1046	11	0.894656
1047	6	0.894691
1048	12	0.89476
1049	8	0.894807
1050	9	0.894859
1051	10	0.894917
1052	5	0.894946
1053	4	0.894969
1054	6	0.895004
1055	6	0.895039
1056	7	0.895079
1057	6	0.895114
1058	7	0.895155
1059	5	0.895184
1060	8	0.89523
1061	3	0.895248
1062	4	0.895271
1063	5	0.8953
1064	10	0.895358
1065	3	0.895375
1066	3	0.895393
1067	4	0.895416
1068	11	0.89548
1069	4	0.895503
1070	8	0.895549
1071	7	0.89559
1072	6	0.895625
1073	5	0.895654
1074	7	0.895694
1075	11	0.895758
1076	7	0.895799
1077	9	0.895851
1078	6	0.895886
1079	7	0.895927
1080	3	0.895944
1081	6	0.895979
1082	2	0.89599
1083	5	0.896019
1084	9	0.896072
1085	6	0.896106
1086	7	0.896147
1087	13	0.896222
1088	5	0.896251
1089	9	0.896304
1090	8	0.89635
1091	6	0.896385
1092	7	0.896425
1093	10	0.896484
1094	9	0.896536
1095	3	0.896553
1096	4	0.896576
1097	10	0.896634
1098	2	0.896646
1099	10	0.896704
1100	7	0.896745
1101	5	0.896774
1102	7	0.896814
1103	9	0.896866
1104	3	0.896884
1105	6	0.896919
1106	8	0.896965
1107	4	0.896988
1108	8	0.897035
1109	3	0.897052
1110	9	0.897104
1111	8	0.897151
1112	6	0.897186
1113	12	0.897255
1114	5	0.897284
1115	9	0.897336
1116	9	0.897389
1117	9	0.897441
1118	5	0.89747
1119	10	0.897528
1120	7	0.897568
1121	8	0.897615
1122	6	0.89765
1123	8	0.897696
1124	10	0.897754
1125	3	0.897772
1126	4	0.897795
1127	11	0.897859
1128	8	0.897905
1129	6	0.89794
1130	4	0.897963
1131	5	0.897992
1132	1	0.897998
1133	4	0.898021
1134	5	0.89805
1135	5	0.898079
1136	5	0.898108
1137	2	0.89812
1138	4	0.898143
1139	7	0.898183
1140	6	0.898218
1141	4	0.898241
1142	9	0.898294
1143	2	0.898305
1144	5	0.898334
1145	5	0.898363
1146	5	0.898392
1147	3	0.89841
1148	5	0.898439
1149	11	0.898503
1150	8	0.898549
1151	8	0.898595
1152	5	0.898624
1153	4	0.898648
1154	4	0.898671
1155	9	0.898723
1156	7	0.898764
1157	7	0.898804
1158	2	0.898816
1159	4	0.898839
1160	9	0.898891
1161	1	0.898897
1162	7	0.898938
1163	3	0.898955
1164	7	0.898996
1165	1	0.899002
1166	7	0.899042
1167	4	0.899065
1168	6	0.8991
1169	3	0.899118
1170	5	0.899147
1171	6	0.899181
1172	6	0.899216
1173	6	0.899251
1174	4	0.899274
1175	6	0.899309
1176	6	0.899344
1177	4	0.899367
1178	5	0.899396
1179	4	0.899419
1180	8	0.899466
1181	8	0.899512
1182	4	0.899535
1183	6	0.89957
1184	7	0.899611
1185	5	0.89964
1186	9	0.899692
1187	5	0.899721
1188	2	0.899733
1189	5	0.899762
1190	3	0.899779
1191	8	0.899825
1192	7	0.899866
1193	5	0.899895
1194	10	0.899953
1195	7	0.899994
1196	11	0.900057
1197	6	0.900092
1198	5	0.900121
1199	4	0.900144
1200	9	0.900197
1201	6	0.900231
1202	7	0.900272
1203	7	0.900313
1204	2	0.900324
1205	8	0.900371
1206	4	0.900394
1207	9	0.900446
1208	14	0.900527
1209	7	0.900568
1210	5	0.900597
1211	2	0.900609
1212	6	0.900643
1213	11	0.900707
1214	6	0.900742
1215	3	0.900759
1216	4	0.900783
1217	3	0.9008
1218	2	0.900812
1219	2	0.900823
1220	7	0.900864
1221	4	0.900887
1222	1	0.900893
1223	3	0.90091
1224	5	0.900939
1225	8	0.900986
1226	8	0.901032
1227	4	0.901055
1228	2	0.901067
1229	5	0.901096
1230	5	0.901125
1231	3	0.901142
1232	5	0.901171
1233	2	0.901183
1234	2	0.901195
1235	4	0.901218
1236	4	0.901241
1237	6	0.901276
1238	4	0.901299
1240	5	0.901328
1241	3	0.901345
1242	6	0.90138
1243	2	0.901392
1244	6	0.901427
1245	6	0.901461
1246	1	0.901467
1247	5	0.901496
1248	6	0.901531
1249	1	0.901537
1250	8	0.901583
1251	8	0.90163
1252	5	0.901659
1253	6	0.901694
1254	5	0.901723
1255	2	0.901734
1256	3	0.901752
1257	8	0.901798
1258	2	0.90181
1259	3	0.901827
1260	1	0.901833
1261	5	0.901862
1262	4	0.901885
1263	4	0.901908
1264	5	0.901937
1265	7	0.901978
1266	3	0.901995
1267	4	0.902018
1268	5	0.902047
1269	4	0.902071
1270	4	0.902094
1271	4	0.902117
1272	8	0.902164
1273	4	0.902187
1274	4	0.90221
1275	3	0.902227
1276	4	0.902251
1277	3	0.902268
1278	4	0.902291
1279	2	0.902303
1280	3	0.90232
1281	4	0.902343
1282	2	0.902355
1283	2	0.902367
1284	5	0.902396
1285	4	0.902419
1286	3	0.902436
1287	4	0.902459
1288	2	0.902471
1289	5	0.9025
1290	2	0.902512
1291	2	0.902523
1292	4	0.902546
1293	7	0.902587
1294	5	0.902616
1296	5	0.902645
1297	3	0.902662
1298	3	0.90268
1299	6	0.902715
1300	3	0.902732
1301	6	0.902767
1302	60	0.903115
1303	132	0.903881
1304	322	0.905749
1305	125	0.906474
1306	176	0.907495
1307	175	0.908511
1308	123	0.909224
1309	204	0.910408
1310	1	0.910414
1311	9	0.910466
1312	3	0.910483
1313	7	0.910524
1314	10	0.910582
1315	8	0.910628
1316	3	0.910646
1317	4	0.910669
1318	1	0.910675
1319	8	0.910721
1320	7	0.910762
1321	1	0.910768
1322	3	0.910785
1323	3	0.910802
1324	2	0.910814
1325	6	0.910849
1326	7	0.910889
1327	3	0.910907
1328	5	0.910936
1329	3	0.910953
1330	3	0.910971
1331	1	0.910977
1332	5	0.911006
1333	3	0.911023
1334	6	0.911058
1335	4	0.911081
1336	1	0.911087
1337	4	0.91111
1338	4	0.911133
1339	4	0.911156
1340	5	0.911185
1341	6	0.91122
1342	3	0.911238
1343	2	0.911249
1344	4	0.911272
1345	4	0.911296
1346	3	0.911313
1347	3	0.91133
1348	3	0.911348
1349	3	0.911365
1350	4	0.911388
1351	5	0.911417
1352	6	0.911452
1353	3	0.91147
1354	5	0.911499
1355	3	0.911516
1356	3	0.911533
1357	3	0.911551
1358	3	0.911568
1359	2	0.91158
1360	1	0.911586
1361	7	0.911626
1362	3	0.911644
1363	5	0.911673
1364	4	0.911696
1365	7	0.911737
1366	7	0.911777
1367	4	0.9118
1368	8	0.911847
1369	3	0.911864
1370	3	0.911882
1371	7	0.911922
1372	1	0.911928
1374	5	0.911957
1375	5	0.911986
1376	8	0.912032
1377	4	0.912056
1378	1	0.912061
1379	4	0.912085
1380	4	0.912108
1381	7	0.912148
1382	7	0.912189
1383	11	0.912253
1384	4	0.912276
1385	3	0.912294
1386	3	0.912311
1387	4	0.912334
1388	3	0.912352
1389	3	0.912369
1390	5	0.912398
1391	8	0.912444
1392	3	0.912462
1393	7	0.912502
1394	5	0.912531
1395	2	0.912543
1396	8	0.912589
1397	1	0.912595
1398	4	0.912618
1399	3	0.912636
1400	4	0.912659
1401	4	0.912682
1402	4	0.912705
1403	5	0.912734
1404	7	0.912775
1405	5	0.912804
1406	5	0.912833
1407	6	0.912868
1408	2	0.91288
1409	4	0.912903
1410	6	0.912938
1411	4	0.912961
1412	5	0.91299
1413	2	0.913001
1414	9	0.913054
1415	4	0.913077
1416	6	0.913112
1417	4	0.913135
1418	6	0.91317
1419	5	0.913199
1420	7	0.913239
1421	3	0.913257
1422	6	0.913291
1423	2	0.913303
1424	4	0.913326
1425	2	0.913338
1426	6	0.913373
1427	2	0.913384
1428	1	0.91339
1429	1	0.913396
1430	2	0.913407
1431	4	0.913431
1432	2	0.913442
1433	3	0.91346
1434	1	0.913465
1435	3	0.913483
1436	4	0.913506
1437	3	0.913524
1438	2	0.913535
1439	4	0.913558
1440	2	0.91357
1441	2	0.913582
1442	5	0.913611
1443	2	0.913622
1444	3	0.91364
1445	7	0.91368
1446	5	0.913709
1447	2	0.913721
1448	4	0.913744
1449	2	0.913756
1450	2	0.913767
1451	6	0.913802
1452	7	0.913843
1453	8	0.913889
1455	3	0.913906
1456	5	0.913935
1457	7	0.913976
1458	5	0.914005
1459	7	0.914046
1460	3	0.914063
1461	7	0.914104
1462	4	0.914127
1463	3	0.914144
1464	3	0.914162
1465	4	0.914185
1466	3	0.914202
1467	5	0.914231
1468	3	0.914249
1469	3	0.914266
1470	3	0.914284
1471	2	0.914295
1472	1	0.914301
1473	6	0.914336
1474	3	0.914353
1475	3	0.914371
1476	1	0.914376
1477	4	0.9144
1478	1	0.914405
1479	5	0.914434
1480	2	0.914446
1481	4	0.914469
1482	3	0.914487
1483	6	0.914521
1484	6	0.914556
1485	2	0.914568
1486	2	0.914579
1487	2	0.914591
1488	1	0.914597
1489	1	0.914603
1490	3	0.91462
1491	3	0.914637
1492	5	0.914666
1493	2	0.914678
1494	6	0.914713
1495	3	0.91473
1496	2	0.914742
1497	5	0.914771
1498	3	0.914788
1499	4	0.914812
1500	2	0.914823
1501	2	0.914835
1502	3	0.914852
1503	4	0.914875
1504	4	0.914899
1505	3	0.914916
1506	3	0.914933
1507	5	0.914962
1509	4	0.914986
1510	4	0.915009
1511	4	0.915032
1512	4	0.915055
1513	1	0.915061
1514	4	0.915084
1515	4	0.915107
1516	3	0.915125
1517	6	0.91516
1518	4	0.915183
1519	3	0.9152
1520	5	0.915229
1521	3	0.915247
1522	4	0.91527
1523	4	0.915293
1524	5	0.915322
1525	5	0.915351
1526	9	0.915403
1527	6	0.915438
1528	4	0.915461
1529	3	0.915479
1530	5	0.915508
1531	9	0.91556
1532	9	0.915612
1533	7	0.915653
1534	3	0.91567
1535	12	0.91574
1536	8	0.915786
1537	6	0.915821
1538	3	0.915838
1539	5	0.915867
1540	4	0.915891
1541	4	0.915914
1542	4	0.915937
1543	5	0.915966
1544	6	0.916001
1545	4	0.916024
1546	4	0.916047
1547	10	0.916105
1548	6	0.91614
1549	1	0.916146
1550	2	0.916158
1551	2	0.916169
1553	6	0.916204
1554	4	0.916227
1555	3	0.916245
1556	4	0.916268
1557	2	0.916279
1558	4	0.916303
1559	1	0.916308
1560	3	0.916326
1561	5	0.916355
1562	3	0.916372
1563	1	0.916378
1564	3	0.916395
1565	2	0.916407
1566	3	0.916424
1567	1	0.91643
1568	4	0.916453
1569	1	0.916459
1570	5	0.916488
1571	4	0.916511
1572	1	0.916517
1573	4	0.91654
1574	5	0.916569
1575	3	0.916587
1576	3	0.916604
1577	2	0.916616
1578	4	0.916639
1579	2	0.916651
1580	2	0.916662
1581	5	0.916691
1582	3	0.916709
1583	2	0.91672
1584	3	0.916738
1585	4	0.916761
1586	7	0.916802
1587	3	0.916819
1588	7	0.91686
1589	3	0.916877
1591	3	0.916894
1593	4	0.916918
1594	4	0.916941
1595	2	0.916952
1596	4	0.916976
1597	6	0.91701
1598	5	0.917039
1599	2	0.917051
1600	3	0.917068
1601	5	0.917097
1602	4	0.917121
1603	2	0.917132
1604	1	0.917138
1605	7	0.917179
1606	4	0.917202
1607	2	0.917213
1608	2	0.917225
1609	1	0.917231
1610	2	0.917242
1612	2	0.917254
1614	1	0.91726
1615	2	0.917272
1616	4	0.917295
1618	4	0.917318
1619	3	0.917335
1620	3	0.917353
1621	1	0.917359
1622	1	0.917364
1623	2	0.917376
1624	2	0.917388
1625	1	0.917393
1626	2	0.917405
1627	2	0.917417
1628	4	0.91744
1629	5	0.917469
1630	4	0.917492
1632	1	0.917498
1633	5	0.917527
1634	3	0.917544
1635	4	0.917567
1636	2	0.917579
1637	3	0.917596
1638	6	0.917631
1639	3	0.917649
1640	3	0.917666
1641	2	0.917678
1642	4	0.917701
1643	5	0.91773
1644	3	0.917747
1645	6	0.917782
1646	4	0.917805
1647	1	0.917811
1648	4	0.917834
1649	4	0.917857
1650	4	0.917881
1651	3	0.917898
1652	2	0.91791
1653	3	0.917927
1654	3	0.917945
1655	4	0.917968
1656	3	0.917985
1657	3	0.918003
1658	2	0.918014
1659	5	0.918043
1661	6	0.918078
1662	2	0.91809
1663	3	0.918107
1664	2	0.918119
1665	4	0.918142
1666	2	0.918153
1667	4	0.918177
1668	2	0.918188
1669	4	0.918211
1670	2	0.918223
1671	3	0.91824
1672	2	0.918252
1673	5	0.918281
1674	1	0.918287
1675	6	0.918322
1676	5	0.918351
1677	1	0.918356
1678	1	0.918362
1679	3	0.91838
1680	4	0.918403
1681	5	0.918432
1682	2	0.918443
1684	4	0.918467
1685	3	0.918484
1686	1	0.91849
1687	1	0.918496
1688	5	0.918525
1689	3	0.918542
1690	1	0.918548
1691	2	0.91856
1692	2	0.918571
1693	2	0.918583
1694	2	0.918594
1695	7	0.918635
1696	3	0.918652
1697	5	0.918681
1698	2	0.918693
1699	2	0.918705
1700	7	0.918745
1701	4	0.918768
1703	6	0.918803
1704	4	0.918826
1706	6	0.918861
1707	3	0.918879
1708	3	0.918896
1709	6	0.918931
1710	4	0.918954
1711	4	0.918977
1712	4	0.919
1713	3	0.919018
1714	3	0.919035
1715	4	0.919058
1716	1	0.919064
1717	3	0.919082
1718	3	0.919099
1719	4	0.919122
1720	6	0.919157
1721	3	0.919175
1722	3	0.919192
1723	7	0.919233
1724	2	0.919244
1725	3	0.919262
1726	1	0.919267
1727	5	0.919296
1728	6	0.919331
1729	6	0.919366
1730	7	0.919407
1731	5	0.919436
1732	1	0.919441
1733	8	0.919488
1734	4	0.919511
1735	2	0.919523
1736	2	0.919534
1737	4	0.919557
1738	4	0.919581
1739	2	0.919592
1740	6	0.919627
1741	1	0.919633
1742	3	0.91965
1743	2	0.919662
1744	4	0.919685
1745	1	0.919691
1746	1	0.919697
1747	2	0.919708
1748	1	0.919714
1749	3	0.919731
1750	2	0.919743
1751	1	0.919749
1752	1	0.919755
1753	2	0.919766
1754	3	0.919784
1755	1	0.91979
1756	2	0.919801
1757	1	0.919807
1758	1	0.919813
1759	3	0.91983
1761	1	0.919836
1762	1	0.919842
1763	3	0.919859
1764	2	0.919871
1765	2	0.919882
1766	2	0.919894
1767	3	0.919911
1768	5	0.91994
1769	4	0.919964
1770	5	0.919993
1771	3	0.92001
1772	3	0.920027
1773	2	0.920039
1774	3	0.920056
1775	5	0.920085
1776	1	0.920091
1777	4	0.920114
1778	4	0.920138
1779	1	0.920143
1780	2	0.920155
1781	4	0.920178
1782	1	0.920184
1783	1	0.92019
1784	4	0.920213
1785	1	0.920219
1786	6	0.920254
1787	4	0.920277
1789	2	0.920288
1790	3	0.920306
1791	1	0.920312
1792	3	0.920329
1793	3	0.920346
1794	3	0.920364
1795	3	0.920381
1796	2	0.920393
1797	3	0.92041
1798	7	0.920451
1799	2	0.920463
1800	4	0.920486
1801	4	0.920509
1802	3	0.920526
1803	3	0.920544
1804	4	0.920567
1805	1	0.920573
1806	6	0.920608
1807	2	0.920619
1808	2	0.920631
1809	3	0.920648
1810	8	0.920695
1811	2	0.920706
1812	1	0.920712
1813	4	0.920735
1814	3	0.920753
1815	5	0.920782
1816	3	0.920799
1817	6	0.920834
1818	4	0.920857
1819	2	0.920869
1820	6	0.920903
1821	3	0.920921
1822	8	0.920967
1823	5	0.920996
1825	1	0.921002
1826	3	0.921019
1827	5	0.921049
1828	3	0.921066
1829	2	0.921078
1830	3	0.921095
1833	3	0.921112
1834	1	0.921118
1835	2	0.92113
1836	4	0.921153
1837	3	0.92117
1838	2	0.921182
1839	1	0.921188
1840	3	0.921205
1841	2	0.921217
1842	3	0.921234
1843	7	0.921275
1844	4	0.921298
1845	3	0.921315
1846	7	0.921356
1847	1	0.921362
1848	4	0.921385
1849	2	0.921397
1850	4	0.92142
1851	1	0.921426
1852	2	0.921437
1853	1	0.921443
1854	4	0.921466
1855	3	0.921484
1856	2	0.921495
1857	2	0.921507
1858	2	0.921518
1859	1	0.921524
1860	5	0.921553
1861	1	0.921559
1862	1	0.921565
1863	1	0.921571
1864	7	0.921611
1865	1	0.921617
1866	2	0.921629
1867	1	0.921634
1868	3	0.921652
1869	2	0.921664
1870	2	0.921675
1871	2	0.921687
1874	3	0.921704
1875	3	0.921722
1876	1	0.921727
1877	8	0.921774
1879	4	0.921797
1880	2	0.921809
1881	2	0.92182
1882	3	0.921838
1883	1	0.921843
1884	1	0.921849
1887	4	0.921872
1888	2	0.921884
1889	1	0.92189
1890	1	0.921896
1891	4	0.921919
1892	2	0.92193
1893	3	0.921948
1894	1	0.921954
1895	2	0.921965
1897	2	0.921977
1898	2	0.921988
1899	1	0.921994
1900	2	0.922006
1901	2	0.922017
1902	1	0.922023
1903	4	0.922046
1904	2	0.922058
1905	4	0.922081
1906	1	0.922087
1907	3	0.922104
1908	1	0.92211
1909	4	0.922133
1910	1	0.922139
1911	2	0.922151
1912	3	0.922168
1913	2	0.92218
1914	2	0.922191
1915	7	0.922232
1917	1	0.922238
1918	3	0.922255
1919	2	0.922267
1920	2	0.922279
1921	3	0.922296
1923	5	0.922325
1924	1	0.922331
1925	3	0.922348
1927	1	0.922354
1929	4	0.922377
1930	1	0.922383
1931	2	0.922395
1932	3	0.922412
1934	1	0.922418
1935	1	0.922424
1936	3	0.922441
1937	2	0.922453
1938	1	0.922458
1939	1	0.922464
1940	2	0.922476
1941	3	0.922493
1943	4	0.922516
1944	5	0.922545
1945	2	0.922557
1946	2	0.922569
1947	2	0.92258
1948	3	0.922598
1949	1	0.922603
1950	2	0.922615
1951	2	0.922627
1952	1	0.922632
1953	1	0.922638
1954	1	0.922644
1955	1	0.92265
1956	3	0.922667
1957	1	0.922673
1958	3	0.92269
1960	1	0.922696
1961	1	0.922702
1963	3	0.922719
1964	4	0.922743
1965	4	0.922766
1966	5	0.922795
1967	2	0.922806
1968	3	0.922824
1969	3	0.922841
1970	2	0.922853
1971	1	0.922859
1972	3	0.922876
1973	3	0.922893
1974	2	0.922905
1975	1	0.922911
1976	5	0.92294
1977	3	0.922957
1978	1	0.922963
1979	2	0.922975
1980	2	0.922986
1981	2	0.922998
1982	2	0.92301
1983	2	0.923021
1985	3	0.923039
1986	1	0.923044
1987	5	0.923073
1988	2	0.923085
1989	1	0.923091
1990	1	0.923097
1991	2	0.923108
1992	1	0.923114
1993	1	0.92312
1994	3	0.923137
1995	2	0.923149
1996	5	0.923178
1997	3	0.923195
1998	5	0.923224
2000	2	0.923236
2001	3	0.923253
2002	1	0.923259
2003	3	0.923276
2006	1	0.923282
2007	1	0.923288
2008	1	0.923294
2009	1	0.9233
2010	2	0.923311
2011	3	0.923329
2012	1	0.923334
2013	2	0.923346
2016	2	0.923358
2017	3	0.923375
2018	2	0.923387
2019	2	0.923398
2020	1	0.923404
2021	1	0.92341
2022	1	0.923416
2024	4	0.923439
2025	2	0.92345
2026	1	0.923456
2028	4	0.923479
2029	1	0.923485
2030	1	0.923491
2031	2	0.923503
2032	3	0.92352
2033	4	0.923543
2034	4	0.923567
2035	2	0.923578
2036	2	0.92359
2038	2	0.923601
2039	3	0.923619
2040	3	0.923636
2041	1	0.923642
2042	3	0.923659
2043	2	0.923671
2045	2	0.923683
2046	5	0.923712
2047	5	0.923741
2049	2	0.923752
2050	1	0.923758
2051	2	0.92377
2052	4	0.923793
2053	3	0.92381
2054	2	0.923822
2055	4	0.923845
2056	4	0.923868
2059	2	0.92388
2060	5	0.923909
2061	2	0.92392
2062	3	0.923938
2063	2	0.923949
2064	5	0.923978
2065	5	0.924007
2066	1	0.924013
2068	2	0.924025
2069	3	0.924042
2070	2	0.924054
2071	1	0.92406
2072	2	0.924071
2073	2	0.924083
2074	2	0.924094
2075	1	0.9241
2076	1	0.924106
2077	1	0.924112
2078	3	0.924129
2079	1	0.924135
2080	3	0.924152
2081	1	0.924158
2082	1	0.924164
2083	3	0.924182
2085	1	0.924187
2086	1	0.924193
2087	1	0.924199
2088	1	0.924205
2089	1	0.924211
2091	3	0.924228
2092	3	0.924245
2093	3	0.924263
2094	4	0.924286
2095	1	0.924292
2096	3	0.924309
2097	1	0.924315
2098	6	0.92435
2099	2	0.924361
2100	2	0.924373
2101	4	0.924396
2102	4	0.924419
2103	2	0.924431
2104	3	0.924448
2105	1	0.924454
2108	1	0.92446
2109	2	0.924472
2110	1	0.924477
2111	2	0.924489
2112	1	0.924495
2114	1	0.924501
2115	4	0.924524
2116	2	0.924535
2117	2	0.924547
2118	2	0.924559
2119	2	0.92457
2120	1	0.924576
2121	3	0.924593
2122	1	0.924599
2123	1	0.924605
2126	1	0.924611
2127	2	0.924622
2128	3	0.92464
2129	2	0.924651
2130	3	0.924669
2133	7	0.924709
2134	2	0.924721
2135	4	0.924744
2136	3	0.924762
2137	2	0.924773
2139	2	0.924785
2140	4	0.924808
2141	2	0.92482
2142	1	0.924826
2143	3	0.924843
2144	1	0.924849
2145	4	0.924872
2146	1	0.924878
2147	2	0.924889
2148	1	0.924895
2149	2	0.924907
2150	2	0.924918
2151	3	0.924936
2152	2	0.924947
2153	1	0.924953
2154	3	0.924971
2156	1	0.924976
2158	2	0.924988
2159	2	0.925
2160	3	0.925017
2161	2	0.925029
2162	2	0.92504
2163	2	0.925052
2164	1	0.925058
2165	1	0.925063
2166	4	0.925087
2168	2	0.925098
2171	1	0.925104
2172	3	0.925121
2173	1	0.925127
2174	3	0.925145
2176	2	0.925156
2177	2	0.925168
2178	1	0.925174
2179	1	0.925179
2180	2	0.925191
2181	1	0.925197
2182	1	0.925203
2183	1	0.925208
2184	2	0.92522
2185	1	0.925226
2188	2	0.925237
2189	1	0.925243
2191	1	0.925249
2192	3	0.925266
2193	2	0.925278
2194	2	0.92529
2195	1	0.925295
2196	3	0.925313
2197	3	0.92533
2198	2	0.925342
2200	1	0.925348
2203	1	0.925353
2206	2	0.925365
2207	2	0.925377
2210	2	0.925388
2212	1	0.925394
2213	1	0.9254
2214	3	0.925417
2215	1	0.925423
2216	1	0.925429
2217	2	0.925441
2218	2	0.925452
2219	5	0.925481
2220	2	0.925493
2221	2	0.925504
2222	2	0.925516
2223	1	0.925522
2224	2	0.925533
2225	2	0.925545
2226	3	0.925562
2227	2	0.925574
2228	2	0.925586
2229	1	0.925591
2230	1	0.925597
2231	4	0.92562
2233	1	0.925626
2235	2	0.925638
2236	1	0.925644
2237	1	0.925649
2238	1	0.925655
2239	1	0.925661
2240	2	0.925673
2241	1	0.925678
2242	2	0.92569
2244	3	0.925707
2245	1	0.925713
2246	1	0.925719
2247	1	0.925725
2248	1	0.925731
2249	5	0.92576
2250	2	0.925771
2251	2	0.925783
2253	2	0.925794
2254	3	0.925812
2255	1	0.925818
2256	2	0.925829
2258	1	0.925835
2260	3	0.925852
2261	2	0.925864
2265	3	0.925881
2267	2	0.925893
2268	1	0.925899
2269	2	0.92591
2270	2	0.925922
2271	2	0.925934
2273	1	0.925939
2274	1	0.925945
2276	3	0.925963
2277	2	0.925974
2278	3	0.925992
2280	2	0.926003
2281	1	0.926009
2282	2	0.926021
2283	4	0.926044
2285	3	0.926061
2286	2	0.926073
2288	2	0.926085
2289	2	0.926096
2290	1	0.926102
2291	1	0.926108
2292	1	0.926114
2293	1	0.926119
2294	3	0.926137
2295	2	0.926148
2297	2	0.92616
2298	1	0.926166
2299	1	0.926172
2300	6	0.926206
2302	1	0.926212
2303	1	0.926218
2304	1	0.926224
2306	1	0.92623
2307	1	0.926235
2308	2	0.926247
2309	1	0.926253
2310	3	0.92627
2311	2	0.926282
2312	1	0.926288
2313	2	0.926299
2314	2	0.926311
2316	2	0.926322
2317	1	0.926328
2320	3	0.926346
2321	2	0.926357
2322	2	0.926369
2331	1	0.926375
2333	1	0.92638
2334	2	0.926392
2335	1	0.926398
2336	1	0.926404
2337	1	0.926409
2339	1	0.926415
2340	2	0.926427
2341	1	0.926433
2343	1	0.926438
2350	1	0.926444
2351	1	0.92645
2353	2	0.926462
2354	1	0.926467
2355	2	0.926479
2357	2	0.926491
2359	2	0.926502
2360	2	0.926514
2362	1	0.92652
2363	1	0.926525
2365	2	0.926537
2368	1	0.926543
2369	2	0.926554
2370	3	0.926572
2371	3	0.926589
2372	2	0.926601
2373	1	0.926607
2376	5	0.926636
2377	1	0.926641
2378	3	0.926659
2379	3	0.926676
2380	2	0.926688
2382	6	0.926723
2383	5	0.926752
2384	1	0.926758
2385	1	0.926763
2386	3	0.926781
2387	2	0.926792
2388	1	0.926798
2389	1	0.926804
2390	3	0.926821
2391	1	0.926827
2392	5	0.926856
2393	2	0.926868
2395	2	0.926879
2396	1	0.926885
2397	1	0.926891
2398	2	0.926903
2400	2	0.926914
2404	1	0.92692
2406	2	0.926932
2407	1	0.926937
2411	2	0.926949
2412	2	0.926961
2413	2	0.926972
2415	1	0.926978
2416	2	0.92699
2419	2	0.927001
2420	5	0.92703
2421	1	0.927036
2424	1	0.927042
2425	2	0.927053
2427	2	0.927065
2429	1	0.927071
2432	1	0.927077
2437	1	0.927082
2440	1	0.927088
2445	2	0.9271
2446	1	0.927106
2451	2	0.927117
2452	3	0.927135
2454	1	0.92714
2456	1	0.927146
2459	1	0.927152
2460	1	0.927158
2461	1	0.927164
2462	1	0.927169
2463	1	0.927175
2467	1	0.927181
2468	1	0.927187
2469	1	0.927193
2473	1	0.927198
2474	2	0.92721
2476	2	0.927222
2478	1	0.927227
2479	1	0.927233
2481	1	0.927239
2483	1	0.927245
2489	1	0.927251
2493	2	0.927262
2496	1	0.927268
2497	2	0.92728
2498	2	0.927291
2500	1	0.927297
2503	1	0.927303
2504	1	0.927309
2513	1	0.927315
2515	1	0.92732
2518	1	0.927326
2519	1	0.927332
2520	2	0.927344
2521	3	0.927361
2523	2	0.927373
2524	2	0.927384
2528	2	0.927396
2529	2	0.927407
2531	2	0.927419
2532	1	0.927425
2533	1	0.927431
2535	1	0.927436
2536	2	0.927448
2537	1	0.927454
2538	1	0.92746
2539	2	0.927471
2541	2	0.927483
2542	2	0.927494
2543	3	0.927512
2545	1	0.927518
2546	5	0.927547
2547	2	0.927558
2548	1	0.927564
2549	2	0.927576
2550	1	0.927581
2551	1	0.927587
2552	1	0.927593
2553	1	0.927599
2554	1	0.927605
2555	1	0.92761
2556	1	0.927616
2557	2	0.927628
2558	1	0.927634
2559	1	0.927639
2560	1	0.927645
2561	1	0.927651
2563	1	0.927657
2564	1	0.927663
2569	1	0.927668
2570	2	0.92768
2577	2	0.927692
2580	1	0.927697
2586	1	0.927703
2587	1	0.927709
2590	1	0.927715
2591	2	0.927726
2592	1	0.927732
2594	1	0.927738
2598	1	0.927744
2600	1	0.92775
2601	1	0.927755
2602	1	0.927761
2609	1	0.927767
2610	1	0.927773
2613	2	0.927784
2617	2	0.927796
2622	3	0.927813
2625	1	0.927819
2626	1	0.927825
2627	2	0.927837
2630	1	0.927842
2631	1	0.927848
2636	1	0.927854
2638	1	0.92786
2639	1	0.927866
2640	1	0.927871
2641	1	0.927877
2642	3	0.927895
2643	1	0.9279
2644	1	0.927906
2648	1	0.927912
2650	1	0.927918
2651	1	0.927924
2653	1	0.927929
2655	1	0.927935
2657	3	0.927953
2659	1	0.927959
2661	1	0.927964
2662	1	0.92797
2663	1	0.927976
2664	1	0.927982
2666	2	0.927993
2667	1	0.927999
2672	2	0.928011
2677	2	0.928022
2689	1	0.928028
2697	2	0.92804
2698	1	0.928046
2701	1	0.928051
2707	1	0.928057
2708	1	0.928063
2710	1	0.928069
2713	1	0.928075
2716	1	0.92808
2717	1	0.928086
2718	2	0.928098
2721	1	0.928104
2724	1	0.928109
2725	1	0.928115
2726	1	0.928121
2727	1	0.928127
2729	1	0.928133
2730	1	0.928138
2731	1	0.928144
2734	1	0.92815
2735	3	0.928167
2740	1	0.928173
2742	2	0.928185
2744	1	0.928191
2745	1	0.928196
2746	1	0.928202
2747	1	0.928208
2750	1	0.928214
2752	1	0.92822
2754	1	0.928225
2755	1	0.928231
2759	2	0.928243
2764	1	0.928249
2765	1	0.928254
2767	1	0.92826
2779	1	0.928266
2787	1	0.928272
2788	1	0.928278
2792	1	0.928283
2795	1	0.928289
2796	2	0.928301
2798	1	0.928307
2802	1	0.928312
2806	1	0.928318
2808	1	0.928324
2812	2	0.928336
2813	1	0.928341
2823	1	0.928347
2834	1	0.928353
2837	1	0.928359
2838	1	0.928365
2839	1	0.92837
2840	1	0.928376
2843	2	0.928388
2847	1	0.928394
2849	1	0.928399
2860	1	0.928405
2863	1	0.928411
2864	1	0.928417
2866	2	0.928428
2867	1	0.928434
2870	1	0.92844
2872	1	0.928446
2882	1	0.928452
2890	1	0.928457
2891	1	0.928463
2895	1	0.928469
2896	1	0.928475
2900	1	0.928481
2910	1	0.928486
2911	2	0.928498
2913	1	0.928504
2914	1	0.92851
2916	1	0.928515
2918	1	0.928521
2920	1	0.928527
2923	1	0.928533
2928	2	0.928544
2930	3	0.928562
2935	1	0.928568
2936	2	0.928579
2937	2	0.928591
2948	1	0.928597
2952	1	0.928603
2955	2	0.928614
2959	1	0.92862
2967	1	0.928626
2968	1	0.928632
2969	1	0.928637
2975	1	0.928643
2977	1	0.928649
2978	1	0.928655
2979	2	0.928666
2980	2	0.928678
2983	1	0.928684
2986	1	0.92869
2988	1	0.928695
2989	1	0.928701
2992	1	0.928707
2995	1	0.928713
2997	1	0.928719
2998	1	0.928724
3000	1	0.92873
3007	1	0.928736
3009	2	0.928748
3010	2	0.928759
3011	1	0.928765
3012	1	0.928771
3014	1	0.928777
3016	2	0.928788
3020	2	0.9288
3021	1	0.928806
3022	1	0.928811
3024	1	0.928817
3030	1	0.928823
3038	1	0.928829
3050	1	0.928835
3055	1	0.92884
3056	2	0.928852
3058	1	0.928858
3061	1	0.928864
3068	1	0.928869
3071	1	0.928875
3074	1	0.928881
3076	1	0.928887
3077	1	0.928893
3078	2	0.928904
3080	1	0.92891
3083	1	0.928916
3087	1	0.928922
3094	1	0.928927
3095	1	0.928933
3096	1	0.928939
3105	2	0.928951
3106	1	0.928956
3113	1	0.928962
3116	1	0.928968
3122	1	0.928974
3123	1	0.92898
3124	1	0.928985
3125	1	0.928991
3133	1	0.928997
3134	1	0.929003
3135	2	0.929014
3141	1	0.92902
3152	1	0.929026
3156	1	0.929032
3162	1	0.929038
3163	1	0.929043
3165	1	0.929049
3170	1	0.929055
3174	1	0.929061
3176	2	0.929072
3177	1	0.929078
3178	1	0.929084
3180	1	0.92909
3181	1	0.929096
3183	2	0.929107
3184	1	0.929113
3187	1	0.929119
3197	1	0.929125
3199	1	0.92913
3204	1	0.929136
3208	2	0.929148
3210	2	0.929159
3213	1	0.929165
3215	1	0.929171
3219	2	0.929183
3220	2	0.929194
3222	1	0.9292
3225	1	0.929206
3228	1	0.929212
3233	1	0.929218
3236	2	0.929229
3237	2	0.929241
3238	1	0.929247
3239	2	0.929258
3241	1	0.929264
3243	1	0.92927
3246	1	0.929276
3252	1	0.929281
3253	1	0.929287
3254	1	0.929293
3255	1	0.929299
3256	1	0.929305
3257	1	0.92931
3264	1	0.929316
3265	1	0.929322
3267	1	0.929328
3270	1	0.929334
3275	1	0.929339
3277	1	0.929345
3278	1	0.929351
3285	1	0.929357
3287	2	0.929368
3289	2	0.92938
3290	1	0.929386
3294	1	0.929392
3296	2	0.929403
3297	2	0.929415
3299	1	0.929421
3303	1	0.929426
3305	1	0.929432
3308	2	0.929444
3309	1	0.92945
3312	1	0.929455
3313	1	0.929461
3315	1	0.929467
3317	1	0.929473
3318	1	0.929479
3319	1	0.929484
3320	1	0.92949
3321	1	0.929496
3324	3	0.929513
3325	1	0.929519
3327	1	0.929525
3334	1	0.929531
3336	2	0.929542
3338	1	0.929548
3343	2	0.92956
3345	2	0.929571
3346	1	0.929577
3351	1	0.929583
3361	1	0.929589
3364	1	0.929595
3366	2	0.929606
3369	1	0.929612
3378	1	0.929618
3379	1	0.929624
3381	1	0.929629
3386	1	0.929635
3392	1	0.929641
3397	1	0.929647
3399	1	0.929653
3400	1	0.929658
3401	1	0.929664
3404	1	0.92967
3405	1	0.929676
3408	1	0.929682
3413	1	0.929687
3422	1	0.929693
3423	1	0.929699
3424	1	0.929705
3425	2	0.929716
3427	1	0.929722
3430	1	0.929728
3434	1	0.929734
3437	2	0.929745
3440	1	0.929751
3443	2	0.929763
3445	1	0.929769
3450	1	0.929774
3451	1	0.92978
3454	1	0.929786
3455	1	0.929792
3457	1	0.929798
3464	1	0.929803
3465	1	0.929809
3469	1	0.929815
3472	1	0.929821
3474	1	0.929827
3480	1	0.929833
3481	2	0.929844
3486	1	0.92985
3488	2	0.929862
3491	1	0.929867
3497	2	0.929879
3513	1	0.929885
3515	1	0.929891
3526	1	0.929896
3527	1	0.929902
3529	1	0.929908
3538	1	0.929914
3551	1	0.92992
3553	1	0.929925
3559	2	0.929937
3567	1	0.929943
3572	1	0.929949
3576	1	0.929954
3577	1	0.92996
3579	1	0.929966
3584	2	0.929978
3585	2	0.929989
3589	1	0.929995
3593	1	0.930001
3598	1	0.930007
3606	1	0.930012
3612	1	0.930018
3623	1	0.930024
3634	1	0.93003
3638	1	0.930036
3640	2	0.930047
3648	1	0.930053
3656	1	0.930059
3658	1	0.930065
3662	1	0.93007
3673	1	0.930076
3677	1	0.930082
3685	1	0.930088
3688	1	0.930094
3689	1	0.930099
3691	1	0.930105
3693	1	0.930111
3696	1	0.930117
3713	1	0.930123
3717	1	0.930128
3721	1	0.930134
3723	1	0.93014
3726	1	0.930146
3727	1	0.930152
3736	1	0.930157
3746	1	0.930163
3751	1	0.930169
3755	1	0.930175
3764	1	0.930181
3765	1	0.930186
3770	1	0.930192
3782	1	0.930198
3783	1	0.930204
3788	2	0.930215
3791	1	0.930221
3794	1	0.930227
3801	1	0.930233
3813	1	0.930239
3816	1	0.930244
3827	1	0.93025
3828	1	0.930256
3829	1	0.930262
3830	1	0.930268
3831	1	0.930273
3836	1	0.930279
3839	2	0.930291
3858	1	0.930297
3859	1	0.930302
3860	1	0.930308
3864	2	0.93032
3873	2	0.930331
3874	1	0.930337
3878	1	0.930343
3883	1	0.930349
3887	1	0.930355
3892	1	0.93036
3894	1	0.930366
3895	2	0.930378
3904	1	0.930384
3907	1	0.930389
3908	2	0.930401
3926	1	0.930407
3934	1	0.930413
3943	1	0.930418
3944	1	0.930424
3958	2	0.930436
3973	1	0.930442
3975	2	0.930453
3990	1	0.930459
3994	1	0.930465
4003	1	0.930471
4005	1	0.930477
4006	1	0.930482
4009	3	0.9305
4010	1	0.930506
4011	1	0.930511
4016	1	0.930517
4019	1	0.930523
4021	1	0.930529
4028	2	0.93054
4031	1	0.930546
4043	1	0.930552
4050	1	0.930558
4053	1	0.930564
4059	1	0.930569
4067	1	0.930575
4084	1	0.930581
4086	1	0.930587
4099	1	0.930593
4150	1	0.930598
4153	1	0.930604
4155	1	0.93061
4156	1	0.930616
4163	1	0.930622
4171	1	0.930627
4172	1	0.930633
4178	1	0.930639
4182	2	0.930651
4203	1	0.930656
4208	1	0.930662
4217	1	0.930668
4233	1	0.930674
4244	1	0.93068
4250	1	0.930685
4254	1	0.930691
4255	1	0.930697
4256	1	0.930703
4258	1	0.930709
4263	1	0.930714
4264	1	0.93072
4272	3	0.930738
4277	1	0.930743
4282	1	0.930749
4296	1	0.930755
4300	1	0.930761
4301	1	0.930767
4306	1	0.930772
4311	2	0.930784
4314	1	0.93079
4320	1	0.930796
4321	1	0.930801
4323	1	0.930807
4326	1	0.930813
4327	1	0.930819
4328	1	0.930825
4329	1	0.93083
4348	1	0.930836
4350	1	0.930842
4353	1	0.930848
4357	1	0.930854
4363	1	0.930859
4364	1	0.930865
4365	1	0.930871
4369	1	0.930877
4382	1	0.930883
4383	2	0.930894
4389	1	0.9309
4391	1	0.930906
4397	1	0.930912
4400	1	0.930917
4401	1	0.930923
4404	1	0.930929
4405	1	0.930935
4408	1	0.930941
4412	1	0.930946
4417	1	0.930952
4421	1	0.930958
4424	1	0.930964
4429	2	0.930975
4432	1	0.930981
4437	2	0.930993
4441	1	0.930999
4442	1	0.931004
4444	1	0.93101
4446	1	0.931016
4454	1	0.931022
4455	1	0.931028
4459	1	0.931033
4460	1	0.931039
4462	1	0.931045
4464	1	0.931051
4468	1	0.931057
4469	1	0.931062
4471	1	0.931068
4474	2	0.93108
4480	1	0.931086
4481	1	0.931092
4483	1	0.931097
4484	1	0.931103
4488	1	0.931109
4489	1	0.931115
4490	2	0.931126
4491	1	0.931132
4498	2	0.931144
4508	1	0.93115
4511	1	0.931155
4512	1	0.931161
4522	1	0.931167
4529	1	0.931173
4534	1	0.931179
4535	1	0.931184
4539	2	0.931196
4540	2	0.931208
4541	1	0.931213
4542	2	0.931225
4543	1	0.931231
4544	1	0.931237
4545	1	0.931242
4546	1	0.931248
4547	1	0.931254
4549	1	0.93126
4553	1	0.931266
4554	1	0.931271
4563	1	0.931277
4566	1	0.931283
4568	2	0.931295
4570	1	0.9313
4571	1	0.931306
4574	1	0.931312
4575	2	0.931324
4583	1	0.931329
4588	1	0.931335
4590	1	0.931341
4591	1	0.931347
4592	1	0.931353
4595	1	0.931358
4601	1	0.931364
4608	1	0.93137
4616	1	0.931376
4617	1	0.931382
4623	1	0.931387
4626	1	0.931393
4628	1	0.931399
4629	1	0.931405
4630	1	0.931411
4638	1	0.931416
4639	1	0.931422
4643	1	0.931428
4645	1	0.931434
4646	1	0.93144
4647	3	0.931457
4648	1	0.931463
4663	1	0.931469
4665	1	0.931474
4667	1	0.93148
4669	1	0.931486
4674	1	0.931492
4677	1	0.931498
4679	1	0.931503
4680	2	0.931515
4686	1	0.931521
4688	2	0.931532
4689	1	0.931538
4691	1	0.931544
4692	1	0.93155
4700	1	0.931556
4703	1	0.931561
4708	1	0.931567
4710	2	0.931579
4713	1	0.931585
4714	1	0.93159
4715	1	0.931596
4718	1	0.931602
4731	1	0.931608
4741	1	0.931614
4752	1	0.931619
4755	1	0.931625
4778	1	0.931631
4803	1	0.931637
4807	1	0.931643
4824	1	0.931648
4839	1	0.931654
4840	1	0.93166
4841	1	0.931666
4893	2	0.931677
4894	5	0.931706
4895	2	0.931718
4896	6	0.931753
4897	11	0.931817
4898	5	0.931846
4899	19	0.931956
4900	13	0.932031
4901	9	0.932084
4902	7	0.932124
4903	1	0.93213
4905	3	0.932147
4906	1	0.932153
4913	1	0.932159
4973	2	0.932171
4979	1	0.932176
4988	1	0.932182
4996	1	0.932188
5006	1	0.932194
5016	1	0.9322
5017	1	0.932205
5023	1	0.932211
5025	1	0.932217
5048	1	0.932223
5053	1	0.932229
5071	1	0.932234
5095	1	0.93224
5097	1	0.932246
5129	2	0.932258
5142	1	0.932263
5147	4	0.932287
5148	3	0.932304
5149	5	0.932333
5151	1	0.932339
5153	1	0.932345
5155	1	0.932351
5156	1	0.932356
5157	1	0.932362
5159	1	0.932368
5160	1	0.932374
5162	3	0.932391
5163	1	0.932397
5164	1	0.932403
5172	2	0.932414
5175	1	0.93242
5179	2	0.932432
5180	1	0.932438
5185	1	0.932443
5188	1	0.932449
5190	1	0.932455
5192	2	0.932467
5193	2	0.932478
5195	2	0.93249
5198	1	0.932496
5201	1	0.932501
5202	4	0.932525
5203	1	0.93253
5204	2	0.932542
5205	2	0.932554
5206	1	0.932559
5208	6	0.932594
5209	2	0.932606
5212	2	0.932617
5219	1	0.932623
5220	1	0.932629
5221	1	0.932635
5222	1	0.932641
5225	1	0.932646
5232	3	0.932664
5233	25	0.932809
5234	216	0.934062
5235	335	0.936006
5236	386	0.938245
5237	398	0.940554
5238	586	0.943954
5239	238	0.945335
5240	396	0.947633
5241	574	0.950963
5242	354	0.953017
5243	110	0.953655
5244	147	0.954508
5245	67	0.954896
5246	133	0.955668
5247	180	0.956712
5248	142	0.957536
5249	96	0.958093
5250	90	0.958615
5251	128	0.959358
5252	177	0.960385
5253	231	0.961725
5254	123	0.962439
5255	14	0.96252
5283	2	0.962532
5307	1	0.962537
5314	1	0.962543
5323	1	0.962549
5330	1	0.962555
5342	1	0.962561
5348	1	0.962567
5354	1	0.962572
5368	1	0.962578
5391	1	0.962584
5393	2	0.962596
5402	1	0.962601
5405	1	0.962607
5412	1	0.962613
5417	1	0.962619
5439	4	0.962642
5440	2	0.962654
5441	2	0.962665
5442	1	0.962671
5462	1	0.962677
5464	1	0.962683
5465	1	0.962688
5467	1	0.962694
5470	1	0.9627
5474	1	0.962706
5475	1	0.962712
5476	1	0.962717
5480	1	0.962723
5523	1	0.962729
5524	1	0.962735
5531	1	0.962741
5560	1	0.962746
5563	2	0.962758
5574	1	0.962764
5601	1	0.96277
5626	1	0.962775
5629	1	0.962781
5636	1	0.962787
5646	1	0.962793
5647	1	0.962799
5650	1	0.962804
5651	1	0.96281
5658	1	0.962816
5663	1	0.962822
5669	1	0.962828
5670	1	0.962833
5694	1	0.962839
5713	1	0.962845
5714	2	0.962857
5717	1	0.962862
5742	1	0.962868
5752	1	0.962874
5799	1	0.96288
5812	2	0.962891
5847	1	0.962897
5855	1	0.962903
5866	1	0.962909
5890	1	0.962915
5916	1	0.96292
5924	1	0.962926
5945	1	0.962932
5959	1	0.962938
5987	1	0.962944
5998	1	0.962949
5999	1	0.962955
6003	1	0.962961
6006	1	0.962967
6021	1	0.962973
6034	1	0.962978
6041	1	0.962984
6047	1	0.96299
6063	1	0.962996
6085	1	0.963002
6089	1	0.963007
6105	1	0.963013
6108	1	0.963019
6125	1	0.963025
6128	1	0.963031
6137	1	0.963036
6146	1	0.963042
6150	1	0.963048
6153	1	0.963054
6160	1	0.96306
6172	1	0.963065
6177	1	0.963071
6182	1	0.963077
6211	1	0.963083
6223	1	0.963089
6226	1	0.963094
6284	1	0.9631
6286	1	0.963106
6291	2	0.963118
6292	1	0.963123
6296	1	0.963129
6301	1	0.963135
6316	1	0.963141
6320	1	0.963147
6347	2	0.963158
6401	1	0.963164
6404	1	0.96317
6420	1	0.963176
6421	1	0.963181
6433	1	0.963187
6434	1	0.963193
6435	1	0.963199
6440	1	0.963205
6456	1	0.963211
6471	1	0.963216
6485	1	0.963222
6504	1	0.963228
6531	1	0.963234
6535	1	0.96324
6549	1	0.963245
6569	1	0.963251
6575	1	0.963257
6576	1	0.963263
6584	1	0.963269
6585	8	0.963315
6588	2	0.963327
6589	5	0.963356
6590	1	0.963361
6597	2	0.963373
6599	1	0.963379
6600	1	0.963385
6601	3	0.963402
6602	12	0.963472
6603	12	0.963541
6604	19	0.963651
6605	22	0.963779
6606	20	0.963895
6607	8	0.963942
6608	3	0.963959
6609	1	0.963965
6610	9	0.964017
6611	3	0.964034
6612	7	0.964075
6613	6	0.96411
6614	3	0.964127
6615	4	0.96415
6616	5	0.964179
6618	5	0.964208
6619	1	0.964214
6621	2	0.964226
6622	6	0.964261
6623	11	0.964324
6625	1	0.96433
6627	1	0.964336
6628	1	0.964342
6629	4	0.964365
6630	9	0.964417
6632	8	0.964464
6633	2	0.964475
6636	2	0.964487
6638	2	0.964499
6639	2	0.96451
6640	3	0.964528
6641	11	0.964591
6644	2	0.964603
6646	1	0.964609
6647	2	0.96462
6648	2	0.964632
6650	1	0.964638
6653	4	0.964661
6654	20	0.964777
6657	2	0.964789
6658	1	0.964794
6660	3	0.964812
6661	3	0.964829
6662	2	0.964841
6663	1	0.964847
6665	2	0.964858
6669	5	0.964887
6672	1	0.964893
6673	3	0.96491
6674	2	0.964922
6676	3	0.964939
6678	5	0.964968
6679	10	0.965026
6680	2	0.965038
6681	7	0.965079
6682	3	0.965096
6683	2	0.965108
6684	8	0.965154
6685	1	0.96516
6686	1	0.965166
6687	5	0.965195
6689	3	0.965212
6690	4	0.965235
6691	1	0.965241
6692	1	0.965247
6693	1	0.965253
6695	39	0.965479
6696	14	0.96556
6697	23	0.965694
6698	4	0.965717
6699	37	0.965932
6700	2	0.965943
6701	42	0.966187
6702	8	0.966233
6703	67	0.966622
6704	12	0.966692
6706	5	0.966721
6707	16	0.966813
6708	19	0.966924
6709	21	0.967046
6710	58	0.967382
6711	25	0.967527
6712	4	0.96755
6713	20	0.967666
6714	45	0.967927
6715	53	0.968235
6716	30	0.968409
6717	12	0.968479
6718	6	0.968513
6720	30	0.968687
6721	45	0.968949
6722	14	0.96903
6723	6	0.969065
6724	4	0.969088
6725	9	0.96914
6726	3	0.969157
6727	7	0.969198
6728	5	0.969227
6729	4	0.96925
6731	4	0.969273
6732	8	0.96932
6733	4	0.969343
6734	6	0.969378
6735	26	0.969529
6736	73	0.969952
6737	80	0.970416
6738	58	0.970753
6739	3	0.97077
6740	9	0.970823
6741	22	0.97095
6742	20	0.971066
6743	25	0.971211
6744	28	0.971374
6745	23	0.971507
6746	3	0.971525
6747	3	0.971542
6748	14	0.971623
6749	10	0.971681
6750	20	0.971797
6752	3	0.971815
6753	21	0.971936
6754	20	0.972053
6756	55	0.972372
6757	9	0.972424
6758	16	0.972517
6759	7	0.972557
6760	1	0.972563
6761	20	0.972679
6762	46	0.972946
6763	12	0.973016
6764	13	0.973091
6765	7	0.973132
6766	23	0.973265
6767	12	0.973335
6768	11	0.973399
6769	34	0.973596
6770	13	0.973671
6771	23	0.973805
6772	6	0.973839
6773	8	0.973886
6774	7	0.973927
6775	29	0.974095
6776	14	0.974176
6777	26	0.974327
6778	35	0.97453
6779	27	0.974687
6780	21	0.974808
6781	71	0.97522
6782	15	0.975307
6783	6	0.975342
6784	49	0.975626
6785	10	0.975684
6786	7	0.975725
6787	55	0.976044
6788	18	0.976149
6789	11	0.976212
6790	46	0.976479
6792	2	0.976491
6793	18	0.976595
6794	26	0.976746
6795	33	0.976938
6797	1	0.976943
6798	17	0.977042
6799	6	0.977077
6801	9	0.977129
6802	13	0.977205
6803	8	0.977251
6804	23	0.977384
6805	155	0.978284
6806	79	0.978742
6807	52	0.979044
6808	24	0.979183
6809	30	0.979357
6810	3	0.979374
6812	1	0.97938
6813	19	0.97949
6814	51	0.979786
6815	7	0.979827
6816	14	0.979908
6817	10	0.979966
6818	5	0.979995
6819	7	0.980036
6820	11	0.9801
6821	45	0.980361
6822	15	0.980448
6823	1	0.980454
6824	13	0.980529
6825	15	0.980616
6826	6	0.980651
6827	27	0.980808
6828	29	0.980976
6829	40	0.981208
6830	36	0.981417
6831	23	0.98155
6832	30	0.981724
6835	2	0.981736
6836	2	0.981747
6837	2	0.981759
6839	1	0.981765
6840	9	0.981817
6841	2	0.981829
6843	7	0.981869
6844	12	0.981939
6845	12	0.982008
6846	6	0.982043
6847	1	0.982049
6848	43	0.982299
6849	19	0.982409
6850	11	0.982473
6851	8	0.982519
6852	1	0.982525
6853	2	0.982536
6854	1	0.982542
6855	3	0.98256
6856	57	0.98289
6857	8	0.982937
6858	8	0.982983
6859	15	0.98307
6860	23	0.983204
6861	44	0.983459
6862	3	0.983476
6865	3	0.983494
6866	7	0.983534
6867	2	0.983546
6868	7	0.983587
6869	1	0.983592
6876	3	0.98361
6878	3	0.983627
6880	4	0.98365
6881	9	0.983703
6882	18	0.983807
6884	3	0.983824
6885	14	0.983906
6886	16	0.983999
6887	4	0.984022
6888	13	0.984097
6889	4	0.98412
6890	56	0.984445
6891	52	0.984747
6892	47	0.98502
6893	58	0.985356
6894	8	0.985403
6895	29	0.985571
6896	10	0.985629
6897	38	0.985849
6898	1	0.985855
6899	11	0.985919
6900	21	0.986041
6901	9	0.986093
6902	14	0.986174
6903	16	0.986267
6904	2	0.986279
6905	76	0.98672
6906	8	0.986766
6907	22	0.986894
6908	22	0.987021
6909	20	0.987137
6910	13	0.987213
6911	19	0.987323
6912	47	0.987596
6913	32	0.987781
6914	79	0.98824
6915	159	0.989162
6916	104	0.989766
6917	70	0.990172
6918	28	0.990334
6919	5	0.990363
6920	4	0.990386
6921	8	0.990433
6922	36	0.990642
6923	19	0.990752
6924	4	0.990775
6926	1	0.990781
6931	1	0.990787
6935	2	0.990798
6937	4	0.990821
6938	12	0.990891
6939	8	0.990938
6940	1	0.990943
6941	40	0.991175
6942	16	0.991268
6943	24	0.991407
6944	10	0.991465
6945	33	0.991657
6946	18	0.991761
6947	6	0.991796
6948	15	0.991883
6949	2	0.991895
6950	10	0.991953
6951	31	0.992133
6952	9	0.992185
6953	15	0.992272
6956	5	0.992301
6957	49	0.992585
6958	20	0.992701
6959	12	0.992771
6960	17	0.99287
6961	66	0.993252
6962	37	0.993467
6963	2	0.993479
6965	17	0.993577
6966	9	0.99363
6967	17	0.993728
6969	20	0.993844
6970	50	0.994134
6971	31	0.994314
6972	12	0.994384
6973	16	0.994477
6974	45	0.994738
6975	15	0.994825
6976	24	0.994964
6977	3	0.994981
6978	42	0.995225
6979	42	0.995469
6980	25	0.995614
6981	63	0.995979
6982	11	0.996043
6983	19	0.996153
6984	14	0.996235
6985	2	0.996246
6986	6	0.996281
6987	16	0.996374
6988	35	0.996577
6989	4	0.9966
6990	15	0.996687
6991	20	0.996803
6993	13	0.996879
6994	4	0.996902
6995	9	0.996954
6996	5	0.996983
6997	14	0.997064
6998	28	0.997227
6999	29	0.997395
7000	46	0.997662
7001	11	0.997726
7002	5	0.997755
7003	8	0.997801
7004	37	0.998016
7005	1	0.998022
7006	21	0.998143
7007	1	0.998149
7008	15	0.998236
7009	7	0.998277
7010	5	0.998306
7011	7	0.998346
7012	5	0.998375
7013	15	0.998463
7014	5	0.998492
7015	8	0.998538
7016	25	0.998683
7017	28	0.998845
7018	3	0.998863
7021	26	0.999014
7022	2	0.999025
7023	11	0.999089
7024	7	0.99913
7025	5	0.999159
7026	3	0.999176
7027	6	0.999211
7028	4	0.999234
7031	3	0.999252
7032	8	0.999298
7033	42	0.999542
7034	31	0.999722
7035	15	0.999809
7036	1	0.999814
7037	1	0.99982
7038	1	0.999826
7039	1	0.999832
7041	1	0.999838
7044	3	0.999855
7045	1	0.999861
7046	4	0.999884
7059	1	0.99989
7079	1	0.999896
7202	1	0.999901
7219	1	0.999907
7378	1	0.999913
7496	1	0.999919
7739	1	0.999925
7836	1	0.99993
8125	1	0.999936
8158	1	0.999942
8182	1	0.999948
8278	1	0.999954
8579	1	0.999959
8643	1	0.999965
8942	1	0.999971
9451	1	0.999977
9881	1	0.999983
10457	1	0.999988
11090	1	0.999994
12564	1	1
