0.059131
0.0617399
0.0617332
0.0610832
0.0668834
0.065516
0.0712186
0.0756641
0.0728296
0.0743976
0.082282
0.0913386
0.0903832
0.0765128
0.102266
0.106048
0.113656
0.111086
0.117837
0.121022
0.105855
0.127132
0.130221
0.12677
0.123583
0.131886
0.129782
0.127783
0.136376
0.139758
0.137368
0.133348
0.137833
0.136406
0.135535
0.139852
0.140033
0.142855
0.139675
0.1479
0.146266
0.142255
0.150784
0.150408
0.0506828
0.162607
0.154856
0.151273
0.164606
0.153614
0.176081
0.172862
0.179347
0.180481
0.19751
0.203287
0.207587
0.200927
0.2087
0.212883
0.217363
0.22133
0.23484
0.22966
0.235644
0.23698
0.242586
0.246689
0.278709
0.266717
0.283955
0.282425
0.298297
0.300706
0.303218
0.307566
0.300776
0.302862
0.304646
0.310839
0.316441
0.310748
0.318107
0.321528
0.318145
0.321077
0.335164
0.338715
0.347588
0.34597
0.354102
0.352163
0.348286
0.352253
0.347319
0.34941
0.354626
0.359741
0.361766
0.362412
