0.049346
0.0619374
0.0654279
0.0680459
0.0682942
0.0749616
0.0745526
0.0830801
0.0815419
0.0845654
0.0913364
0.100337
0.0995765
0.0886041
0.11333
0.118639
0.124902
0.127668
0.134122
0.135453
0.11846
0.140535
0.145233
0.148166
0.149179
0.153739
0.154418
0.157995
0.162641
0.160008
0.167095
0.167467
0.166837
0.171839
0.177572
0.172332
0.174282
0.17589
0.178665
0.183146
0.177565
0.183913
0.187742
0.189751
0.0404576
0.183918
0.17113
0.180586
0.195174
0.186384
0.204789
0.211998
0.209083
0.219152
0.230648
0.239878
0.237932
0.244314
0.244812
0.25232
0.258822
0.265151
0.265027
0.272877
0.270289
0.277593
0.277165
0.285801
0.30656
0.316875
0.313381
0.321519
0.329787
0.340965
0.338874
0.350524
0.34279
0.356611
0.347203
0.360876
0.354299
0.367336
0.359771
0.36794
0.363715
0.376673
0.381103
0.38832
0.394423
0.405099
0.39734
0.412222
0.410331
0.415036
0.397208
0.412914
0.404584
0.422516
0.411696
0.425112
