0.197945
0.234972
0.246708
0.247248
0.249424
0.254479
0.252342
0.268223
0.267088
0.270041
0.276272
0.27789
0.276658
0.273107
0.277215
0.29028
0.297945
0.303383
0.29858
0.30329
0.351447
0.309809
0.300165
0.300717
0.297303
0.300599
0.307459
0.306824
0.3102
0.319778
0.322514
0.322614
0.322706
0.324272
0.327788
0.336551
0.342877
0.344097
0.342469
0.342496
0.344974
0.343422
0.357364
0.364995
0.36346
0.365769
0.36361
0.36667
0.370209
0.372799
0.362391
0.365573
0.36747
0.370776
0.37271
0.391641
0.39318
0.405514
0.407237
0.409032
0.4117
0.415664
0.422458
0.426603
0.432366
0.438774
0.450924
0.453266
0.457801
0.46322
0.458987
0.458363
0.460672
0.475477
0.483544
0.499592
0.527479
0.55328
0.589731
0.6318
0.693573
0.75104
0.817326
0.849176
0.86378
0.915581
0.935622
0.955408
0.970528
1.04187
1.06795
1.08558
1.11891
1.1608
1.1864
1.19902
1.22321
1.26235
1.29415
1.31698
1.36211
1.3903
1.41359
1.43862
1.48872
1.49038
1.56988
1.595
1.60658
1.62647
1.64387
1.6725
1.72589
1.73312
1.75875
1.86746
1.87379
1.91874
1.98636
1.99699
2.02791
2.083
2.10979
2.15841
2.24686
2.25741
2.43154
2.42907
2.51393
2.41113
2.40575
2.4558
2.49175
2.53235
2.54634
2.49894
2.57704
2.62991
2.66878
2.68968
2.69374
2.74858
6.32551
6.34976
6.36033
6.40086
6.44116
6.46736
6.5052
6.54117
6.56591
6.66207
6.68054
6.71686
6.75958
6.80366
6.86936
6.89692
7.0039
7.01023
7.05956
7.10303
7.18214
7.228
7.28451
7.35558
7.41125
7.48364
7.53651
7.59118
7.66094
7.73065
7.80705
7.88711
7.94141
8.03217
8.15633
8.23784
8.31039
8.37619
8.48369
8.55911
8.65863
8.7661
8.7767
8.85897
8.94669
9.00922
9.11117
9.24059
9.34823
9.45294
9.54946
9.6272
9.70718
9.81797
9.93168
10.058
10.1656
10.2882
10.354
10.3774
10.5095
10.6306
10.7661
10.8363
10.9787
11.056
11.2029
11.3512
11.3798
11.5213
11.5698
11.7389
11.9068
11.9679
12.0808
12.1571
12.2279
12.3059
12.4175
12.4945
12.6953
12.7758
12.8713
13.036
13.1525
13.0354
13.1552
13.315
13.413
13.5891
13.7016
13.7649
13.8272
13.8293
13.937
13.9857
14.1774
14.3572
14.4589
14.5463
14.7585
14.7817
14.6242
14.7654
14.9469
15.0659
15.1945
15.2937
15.4391
15.5514
15.7219
15.346
15.4116
15.6612
15.7925
15.935
15.995
16.1117
16.2411
16.1165
16.2344
16.4042
16.5341
16.628
16.8601
16.9666
17.0714
16.9116
