0.18523
0.241138
0.236152
0.249018
0.254277
0.262308
0.232816
0.28378
0.277362
0.27512
0.28089
0.291023
0.316554
0.290661
0.265753
0.294622
0.330977
0.32065
0.316336
0.319797
0.287398
0.334052
0.332555
0.32577
0.33787
0.359749
0.337724
0.341701
0.317795
0.361905
0.353163
0.364065
0.363736
0.382307
0.371211
0.337536
0.364739
0.391838
0.386379
0.386108
0.402298
0.415161
0.368915
0.394571
0.430051
0.410817
0.418034
0.414178
0.439292
0.419868
0.394278
0.432025
0.441808
0.485412
0.523186
0.493786
0.493485
0.470018
0.480069
0.481498
0.486929
0.474588
0.471858
0.499142
0.468322
0.435689
0.505935
0.48208
0.489491
0.511435
0.492427
0.509399
0.522795
0.468667
0.496199
0.4939
0.499709
0.532978
0.534446
0.545835
0.586597
0.639432
0.693431
0.724724
0.769197
0.819008
0.858504
0.88246
0.912653
0.955628
1.02845
1.03535
1.12572
1.15801
1.21762
1.27612
1.28927
1.33201
1.37095
1.44289
1.46865
1.59184
1.61103
1.68737
1.77403
1.82782
1.87716
1.98002
2.04681
2.04506
2.20636
2.22534
2.25911
2.33242
2.33706
2.55959
2.56269
2.63695
2.68605
2.74856
2.91452
2.94629
3.01869
3.08921
3.15625
3.20237
3.5664
3.61791
3.91981
3.66431
3.75396
3.83307
3.98003
4.05678
4.18055
3.91217
4.07556
4.41752
4.41452
4.45161
4.47241
4.52035
10.6628
10.8458
10.9976
11.1827
11.2953
11.4478
11.4244
11.6414
11.7886
12.3154
12.4242
12.5505
12.5743
12.7853
12.955
12.9714
13.2854
13.6435
13.8924
14.0239
14.147
14.5512
14.8277
15.0795
15.1155
15.4665
15.7708
15.967
16.1479
16.43
16.6183
16.9201
17.1251
17.9849
17.6798
18.0626
18.1615
18.5297
18.6666
18.9336
19.3964
20.0792
19.5801
19.8995
20.2446
20.9752
20.7189
21.1516
21.5777
22.7832
21.0462
22.0455
22.3734
22.8555
23.7349
24.1186
24.3271
25.4064
26.7509
24.6115
25.2778
26.1382
26.4564
27.5254
28.6012
28.8103
28.8152
31.3661
28.4093
29.9756
30.943
30.6534
31.6311
32.7626
31.5261
35.7513
33.4446
34.1415
35.0067
36.2571
36.5783
37.3986
37.8993
39.2043
41.6874
38.9508
40.1663
41.0364
41.873
42.4892
43.1968
43.9431
45.2303
43.9877
44.3946
45.302
47.3473
50.1199
49.1074
48.3534
49.7905
53.5853
49.1752
50.8273
54.9067
54.22
57.0251
57.6276
57.2209
58.9922
62.1603
56.4527
57.0937
58.7918
60.0687
63.6397
62.1385
65.1137
66.4395
62.2271
66.9102
69.2794
71.3784
71.5016
71.4917
74.0559
79.2961
75.5027
