#vector_size	early_hit_ratio	hits_in_first_half	total_checks
5	0.477715	14234	29796
6	0.631058	20079	31818
7	0.557728	15574	27924
8	0.633094	16758	26470
9	0.591211	13884	23484
10	0.647611	15259	23562
11	0.609269	12897	21168
12	0.64559	13079	20259
13	0.604164	10446	17290
14	0.635086	10933	17215
15	0.617227	10362	16788
16	0.63111	9993	15834
17	0.60541	8908	14714
18	0.627546	8566	13650
19	0.607087	7761	12784
20	0.609355	7790	12784
21	0.612303	7704	12582
22	0.616211	7739	12559
23	0.614123	7001	11400
24	0.612934	7620	12432
25	0.6036	6706	11110
26	0.606373	6527	10764
27	0.618011	6986	11304
28	0.590702	6099	10325
29	0.591406	6166	10426
30	0.597346	6032	10098
31	0.605066	5828	9632
32	0.607315	5812	9570
33	0.579181	5091	8790
34	0.600587	5120	8525
35	0.595982	5073	8512
36	0.585904	4331	7392
37	0.566141	4023	7106
38	0.581106	5044	8680
39	0.551976	3855	6984
40	0.5352	3307	6179
41	0.531714	3940	7410
42	0.554069	3479	6279
43	0.54161	3163	5840
44	0.491289	2538	5166
45	0.512971	2887	5628
46	0.541793	3215	5934
47	0.511628	2904	5676
48	0.510565	2803	5490
49	0.514831	2534	4922
50	0.542553	3111	5734
51	0.495756	2570	5184
52	0.504513	2571	5096
53	0.457931	1992	4350
54	0.517301	2691	5202
55	0.475407	2571	5408
56	0.519664	2286	4399
57	0.50636	2707	5346
58	0.513554	3107	6050
59	0.516595	2864	5544
60	0.546451	2741	5016
61	0.494102	2178	4408
62	0.504985	2026	4012
63	0.49902	2545	5100
64	0.509932	2644	5185
65	0.525443	2313	4402
66	0.492063	2170	4410
67	0.512458	2427	4736
68	0.512885	2667	5200
69	0.48805	2287	4686
70	0.470935	2398	5092
71	0.491268	2138	4352
72	0.504611	2298	4554
73	0.52938	1964	3710
74	0.496061	2078	4189
75	0.552778	2189	3960
76	0.447739	2386	5329
77	0.450901	2002	4440
78	0.490566	1950	3975
79	0.452153	1512	3344
80	0.49634	2102	4235
81	0.506061	2171	4290
82	0.55538	1755	3160
83	0.498724	1955	3920
84	0.470478	1753	3726
85	0.510865	2304	4510
86	0.501562	2248	4482
87	0.469388	1380	2940
88	0.470588	1680	3570
89	0.487004	1424	2924
90	0.487418	1569	3219
91	0.500429	2334	4664
92	0.498034	1773	3560
93	0.491667	1239	2520
94	0.455014	1325	2912
95	0.469255	1511	3220
96	0.508539	1608	3162
97	0.522274	1571	3008
98	0.509729	1598	3135
99	0.4775	1146	2400
100	0.520619	1414	2716
101	0.471147	1339	2842
102	0.492063	1705	3465
103	0.492143	1378	2800
104	0.518295	1204	2323
105	0.476471	1215	2550
106	0.421564	825	1957
107	0.470798	1322	2808
108	0.428571	945	2205
109	0.526415	837	1590
110	0.483489	776	1605
111	0.412037	801	1944
112	0.525994	1548	2943
113	0.472222	935	1980
114	0.452166	1054	2331
115	0.475818	1279	2688
116	0.429606	1068	2486
117	0.454386	518	1140
118	0.450836	1348	2990
119	0.440439	1124	2552
120	0.470474	1211	2574
121	0.487893	1209	2478
122	0.522809	871	1666
123	0.491667	1298	2640
124	0.443236	1019	2299
125	0.471897	806	1708
126	0.453573	1060	2337
127	0.405242	402	992
128	0.298286	261	875
129	0.416856	1103	2646
130	0.393701	600	1524
131	0.527832	1081	2048
132	0.53876	834	1548
133	0.449038	934	2080
134	0.456627	658	1441
135	0.434848	287	660
136	0.462064	676	1463
137	0.407463	819	2010
138	0.534074	721	1350
139	0.458824	624	1360
140	0.416971	457	1096
141	0.432712	836	1932
142	0.534772	446	834
143	0.421939	827	1960
144	0.438427	680	1551
145	0.431925	736	1704
146	0.476024	953	2002
147	0.425595	429	1008
148	0.48046	627	1305
149	0.445205	650	1460
150	0.468151	757	1617
151	0.393451	757	1924
152	0.38255	570	1490
153	0.465714	489	1050
154	0.490668	815	1661
155	0.449393	888	1976
156	0.482571	886	1836
157	0.467532	648	1386
158	0.43629	541	1240
159	0.505769	789	1560
160	0.280962	397	1413
161	0.431435	409	948
162	0.455625	652	1431
163	0.446094	571	1280
164	0.564441	727	1288
165	0.35097	398	1134
166	0.430982	843	1956
167	0.381436	563	1476
168	0.391919	582	1485
169	0.428313	711	1660
170	0.422156	705	1670
171	0.467687	550	1176
172	0.478445	566	1183
173	0.444706	378	850
174	0.467836	320	684
175	0.495155	511	1032
176	0.482659	334	692
177	0.328305	457	1392
178	0.426286	373	875
179	0.450126	713	1584
180	0.471045	1334	2832
181	0.486603	1126	2314
182	0.355946	446	1253
183	0.431818	855	1980
184	0.517956	375	724
185	0.418681	762	1820
186	0.471038	431	915
187	0.509511	375	736
188	0.42973	318	740
189	0.465591	433	930
190	0.468984	877	1870
191	0.405775	534	1316
192	0.439153	498	1134
193	0.515789	1176	2280
194	0.395662	529	1337
195	0.348958	201	576
196	0.464101	627	1351
197	0.449599	785	1746
198	0.515751	704	1365
199	0.429138	757	1764
200	0.556684	329	591
201	0.458333	726	1584
202	0.532663	530	995
203	0.41	902	2200
204	0.495025	398	804
205	0.509901	412	808
206	0.362069	147	406
207	0.447712	548	1224
208	0.395122	729	1845
209	0.490291	303	618
210	0.495169	410	828
211	0.376923	392	1040
212	0.478469	300	627
213	0.452381	190	420
214	0.436019	368	844
215	0.495283	315	636
216	0.449765	479	1065
217	0.44743	766	1712
218	0.432558	372	860
219	0.483796	836	1728
220	0.550691	478	868
221	0.488991	533	1090
222	0.421233	369	876
223	0.466667	616	1320
224	0.510407	564	1105
225	0.511583	795	1554
226	0.461883	515	1115
227	0.527902	473	896
228	0.499259	337	675
229	0.476401	323	678
230	0.422907	384	908
231	0.398575	727	1824
232	0.524017	120	229
233	0.513043	708	1380
234	0.425479	688	1617
235	0.442529	616	1392
236	0.409156	286	699
237	0.463675	434	936
238	0.312766	147	470
239	0.457627	756	1652
240	0.438216	727	1659
241	0.47479	339	714
242	0.426778	612	1434
243	0.530208	509	960
244	0.385892	372	964
245	0.465565	676	1452
246	0.447874	653	1458
247	0.540984	132	244
248	0.483673	237	490
249	0.474593	467	984
250	0.520243	257	494
251	0.456653	906	1984
252	0.503012	501	996
253	0.538	269	500
254	0.458167	345	753
255	0.380952	288	756
256	0.532279	404	759
257	0.497047	505	1016
258	0.450196	574	1275
259	0.5	384	768
260	0.442607	455	1028
261	0.542636	280	516
262	0.6139	477	777
263	0.476923	372	780
264	0.411494	537	1305
266	0.346008	546	1578
268	0.426415	113	265
269	0.491541	523	1064
270	0.431461	576	1335
271	0.511194	274	536
272	0.457249	123	269
273	0.453704	245	540
274	0.49631	269	542
275	0.360294	98	272
276	0.365385	399	1092
277	0.429745	471	1096
278	0.4	330	825
279	0.5	414	828
280	0.563177	156	277
281	0.429856	478	1112
282	0.383513	107	279
283	0.404762	340	840
284	0.252669	71	281
285	0.44539	628	1410
286	0.381625	108	283
287	0.445423	253	568
288	0.292398	250	855
289	0.555944	159	286
290	0.416376	478	1148
291	0.396991	343	864
292	0.423299	367	867
293	0.47931	139	290
294	0.371134	432	1164
296	0.50256	589	1172
297	0.495465	437	882
298	0.39661	117	295
299	0.459459	816	1776
300	0.272727	81	297
301	0.536913	320	596
302	0.551839	165	299
303	0.351667	422	1200
304	0.315615	190	602
305	0.414459	751	1812
306	0.577558	175	303
307	0.422697	514	1216
308	0.380328	580	1525
309	0.432462	397	918
310	0.469055	576	1228
311	0.386364	357	924
312	0.346278	214	618
313	0.402151	374	930
314	0.184887	115	622
315	0.278846	174	624
316	0.389776	122	313
317	0.341826	322	942
318	0.466667	882	1890
320	0.51735	492	951
321	0.382075	243	636
322	0.429467	137	319
323	0.478125	306	640
324	0.496366	478	963
325	0.390062	628	1610
327	0.37963	123	324
328	0.372308	121	325
329	0.550613	359	652
330	0.480122	314	654
331	0.280488	92	328
332	0.499493	493	987
333	0.439394	145	330
334	0.496979	329	662
335	0.456827	455	996
336	0.252252	84	333
337	0.439122	440	1002
338	0.265672	178	670
339	0.407738	274	672
340	0.521662	879	1685
341	0.451677	458	1014
342	0.459194	467	1017
343	0.523529	178	340
344	0.571848	585	1023
345	0.55848	191	342
346	0.54519	187	343
348	0.495652	513	1035
349	0.457803	792	1730
351	0.482759	504	1044
352	0.52149	182	349
353	0.432381	454	1050
354	0.396011	139	351
355	0.522727	184	352
356	0.315864	223	706
357	0.508475	360	708
358	0.526761	187	355
359	0.39794	425	1068
360	0.425303	911	2142
361	0.477654	171	358
362	0.56546	203	359
363	0.469444	338	720
364	0.455217	493	1083
365	0.157459	114	724
366	0.311295	339	1089
367	0.453297	495	1092
368	0.424658	155	365
369	0.403005	295	732
371	0.434783	320	736
373	0.501351	371	740
375	0.512097	381	744
378	0.178667	67	375
379	0.523936	197	376
380	0.509284	192	377
381	0.42328	480	1134
383	0.471053	358	760
384	0.472441	360	762
386	0.454308	696	1532
387	0.322917	124	384
389	0.492228	190	386
393	0.438462	513	1170
394	0.503836	394	782
395	0.392857	154	392
396	0.469466	369	786
397	0.482234	570	1182
400	0.471033	935	1985
403	0.39	312	800
404	0.551122	221	401
405	0.493781	397	804
406	0.526055	212	403
409	0.53202	432	812
410	0.486486	396	814
411	0.426471	174	408
412	0.391198	160	409
413	0.273171	112	410
415	0.461974	571	1236
416	0.420097	347	826
417	0.487923	202	414
418	0.418474	521	1245
420	0.368106	307	834
421	0.344498	144	418
422	0.528242	664	1257
423	0.460714	387	840
424	0.342043	144	421
425	0.390995	330	844
426	0.541371	229	423
427	0.372642	158	424
428	0.441176	750	1700
429	0.537559	229	426
431	0.523364	224	428
432	0.456876	196	429
434	0.419954	181	431
436	0.528868	229	433
437	0.451613	196	434
438	0.528736	230	435
439	0.392202	171	436
441	0.515982	452	876
442	0.441154	581	1317
443	0.444318	391	880
444	0.482993	213	441
445	0.4819	852	1768
448	0.349438	311	890
449	0.517937	231	446
452	0.446177	601	1347
454	0.534368	241	451
455	0.455752	412	904
456	0.446652	607	1359
460	0.422319	193	457
463	0.5	230	460
464	0.442516	408	922
465	0.508658	470	924
467	0.521552	242	464
468	0.275269	128	465
469	0.225322	105	466
470	0.404711	189	467
471	0.448718	420	936
472	0.390192	183	469
475	0.479873	453	944
477	0.267932	127	474
478	0.54	513	950
479	0.451681	645	1428
480	0.528302	252	477
481	0.405858	194	478
482	0.450939	216	479
483	0.40625	585	1440
484	0.339917	327	962
485	0.337137	325	964
486	0.436853	211	483
487	0.503099	487	968
488	0.44433	862	1940
489	0.436214	424	972
490	0.505133	246	487
492	0.497955	487	978
493	0.510204	250	490
496	0.436105	215	493
497	0.470985	698	1482
498	0.39798	197	495
499	0.53629	266	496
500	0.492958	245	497
501	0.514056	256	498
502	0.462425	923	1996
503	0.494	247	500
504	0.477046	239	501
505	0.422311	212	502
508	0.421782	426	1010
509	0.424901	215	506
510	0.457594	464	1014
512	0.489194	249	509
513	0.493137	503	1020
514	0.53229	272	511
515	0.47168	483	1024
516	0.467836	240	513
517	0.412451	424	1028
518	0.43301	223	515
519	0.478682	494	1032
520	0.364603	377	1034
521	0.318533	165	518
522	0.444123	461	1038
523	0.448718	700	1560
526	0.470363	246	523
527	0.610687	320	524
529	0.634981	334	526
531	0.44697	236	528
532	0.485822	514	1058
533	0.524528	278	530
536	0.54878	585	1066
537	0.632959	338	534
539	0.617537	331	536
540	0.478585	257	537
543	0.496914	805	1620
544	0.487985	264	541
546	0.461633	752	1629
547	0.492647	268	544
548	0.295413	161	545
550	0.451554	247	547
552	0.528233	290	549
553	0.449091	741	1650
554	0.497278	274	551
558	0.520721	289	555
559	0.53717	896	1668
561	0.320789	179	558
562	0.457961	256	559
563	0.525	588	1120
564	0.31016	174	561
567	0.407801	230	564
568	0.433628	490	1130
569	0.30742	174	566
570	0.490888	835	1701
571	0.434859	247	568
572	0.495606	282	569
575	0.41958	240	572
577	0.512195	294	574
578	0.493913	284	575
579	0.427083	246	576
580	0.54766	316	577
581	0.450692	521	1156
584	0.473322	275	581
585	0.459622	535	1164
594	0.419628	744	1773
595	0.489865	290	592
596	0.507589	301	593
597	0.391414	465	1188
598	0.507563	302	595
599	0.424497	253	596
601	0.44398	531	1196
603	0.441667	265	600
604	0.517471	311	601
605	0.42691	257	602
607	0.486755	294	604
608	0.312397	189	605
610	0.405272	246	607
611	0.557566	339	608
613	0.521311	318	610
614	0.479542	293	611
615	0.52451	321	612
616	0.393148	482	1226
617	0.457655	281	614
621	0.522654	323	618
622	0.50727	628	1238
623	0.524194	325	620
625	0.641479	399	622
626	0.521669	325	623
630	0.437002	548	1254
631	0.515924	324	628
632	0.519873	327	629
633	0.549206	346	630
635	0.447785	283	632
638	0.373228	237	635
642	0.480438	307	639
643	0.5	320	640
644	0.453978	582	1282
646	0.497667	320	643
647	0.430901	555	1288
648	0.462016	298	645
650	0.518547	671	1294
651	0.486111	315	648
653	0.483077	314	650
654	0.402458	262	651
658	0.583206	382	655
660	0.526636	346	657
661	0.401976	529	1316
663	0.536364	354	660
664	0.497731	329	661
665	0.454683	903	1986
668	0.484211	322	665
669	0.51952	346	666
670	0.313343	209	667
672	0.387643	778	2007
673	0.40597	272	670
677	0.525223	354	674
679	0.630178	426	676
682	0.385862	262	679
685	0.52346	357	682
687	0.51462	352	684
690	0.275109	189	687
693	0.5343	1106	2070
695	0.527457	365	692
704	0.466476	327	701
706	0.384068	270	703
709	0.558074	394	706
710	0.459217	974	2121
715	0.479635	683	1424
716	0.387097	276	713
720	0.524407	376	717
724	0.536061	773	1442
725	0.501385	362	722
726	0.467497	338	723
727	0.530387	384	724
730	0.440165	320	727
731	0.432692	315	728
732	0.514403	375	729
736	0.31105	228	733
738	0.512925	377	735
739	0.495924	365	736
741	0.485095	358	738
742	0.480379	355	739
743	0.495946	367	740
745	0.411051	305	742
746	0.493943	367	743
748	0.422148	629	1490
750	0.338688	253	747
757	0.341512	515	1508
758	0.511258	386	755
759	0.421958	319	756
762	0.421607	320	759
769	0.511749	392	766
779	0.492912	765	1552
780	0.521236	405	777
781	0.415167	323	778
786	0.44189	346	783
787	0.494898	388	784
791	0.461929	364	788
800	0.515684	411	797
801	0.466165	372	798
804	0.536829	430	801
814	0.522811	424	811
819	0.484069	395	816
822	0.481685	789	1638
826	0.559538	921	1646
830	0.430472	356	827
832	0.381182	316	829
833	0.503614	418	830
835	0.415865	692	1664
838	0.613174	512	835
839	0.526316	440	836
843	0.394048	331	840
844	0.398335	335	841
846	0.365362	308	843
847	0.651659	550	844
848	0.321893	544	1690
853	0.445882	758	1700
855	0.413146	352	852
860	0.519837	891	1714
864	0.521487	449	861
878	0.433143	379	875
879	0.441781	387	876
888	0.39322	348	885
889	0.468962	831	1772
890	0.365276	324	887
893	0.388764	346	890
894	0.534231	476	891
901	0.45657	410	898
904	0.489456	441	901
909	0.374172	339	906
910	0.36935	335	907
914	0.403952	368	911
919	0.513646	941	1832
922	0.535365	492	919
928	0.514595	476	925
930	0.445523	413	927
935	0.258584	241	932
936	0.523044	488	933
939	0.418803	392	936
940	0.615795	577	937
941	0.477079	895	1876
944	0.500531	471	941
947	0.494174	933	1888
953	0.44	418	950
958	0.420942	402	955
960	0.526646	504	957
966	0.510903	492	963
974	0.524202	509	971
976	0.502569	489	973
986	0.434385	427	983
987	0.487805	480	984
991	0.521255	515	988
994	0.49445	490	991
997	0.51006	507	994
998	0.401005	399	995
1001	0.45992	459	998
1002	0.492492	984	1998
1005	0.52495	526	1002
1014	0.518299	524	1011
1019	0.520669	529	1016
1024	0.515181	526	1021
1026	0.48827	999	2046
1030	0.428432	440	1027
1031	0.516537	531	1028
1035	0.415698	429	1032
1044	0.51585	537	1041
1046	0.49185	513	1043
1049	0.515296	539	1046
1055	0.51711	544	1052
1056	0.516619	544	1053
1058	0.494313	1043	2110
1061	0.651229	689	1058
1069	0.513133	547	1066
1075	0.510261	547	1072
1076	0.456664	490	1073
1079	0.457249	492	1076
1085	0.468577	1014	2164
1086	0.514312	557	1083
1091	0.519301	565	1088
1096	0.46935	513	1093
1100	0.515041	565	1097
1101	0.459016	504	1098
1109	0.477396	528	1106
1112	0.52119	578	1109
1114	0.450945	501	1111
1115	0.483813	538	1112
1118	0.434081	484	1115
1120	0.510295	570	1117
1127	0.482206	542	1124
1130	0.405501	457	1127
1136	0.419241	475	1133
1141	0.367311	418	1138
1143	0.463158	528	1140
1145	0.507005	579	1142
1148	0.462009	529	1145
1152	0.319408	367	1149
1153	0.470435	541	1150
1154	0.453519	522	1151
1162	0.442623	513	1159
1164	0.502153	583	1161
1167	0.512887	597	1164
1168	0.360515	420	1165
1176	0.514919	604	1173
1179	0.295918	348	1176
1183	0.42839	1011	2360
1186	0.508876	602	1183
1191	0.488215	580	1188
1192	0.569386	677	1189
1194	0.512175	610	1191
1195	0.410235	489	1192
1198	0.449372	537	1195
1201	0.500417	1199	2396
1202	0.477898	573	1199
1203	0.508333	610	1200
1217	0.420511	1021	2428
1221	0.424466	517	1218
1228	0.269388	330	1225
1230	0.521597	640	1227
1233	0.505691	622	1230
1235	0.478084	589	1232
1250	0.615076	767	1247
1252	0.451561	564	1249
1264	0.409199	516	1261
1281	0.464789	594	1278
1283	0.354687	454	1280
1293	0.356589	460	1290
1295	0.44195	571	1292
1304	0.491929	640	1301
1306	0.452801	590	1303
1319	0.444529	585	1316
1321	0.602428	794	1318
1322	0.410917	542	1319
1329	0.490196	650	1326
1343	0.504478	676	1340
1357	0.502216	680	1354
1360	0.509211	691	1357
1375	0.488338	670	1372
1383	0.481159	664	1380
1388	0.511913	709	1385
1397	0.51363	716	1394
1403	0.427143	598	1400
1417	0.398868	1128	2828
1430	0.529783	756	1427
1451	0.43232	626	1448
1453	0.513103	744	1450
1455	0.436639	634	1452
1469	0.365621	536	1466
1492	0.443922	661	1489
1506	0.447771	673	1503
1508	0.449834	677	1505
1517	0.39432	597	1514
1537	0.405476	622	1534
1546	0.513286	792	1543
1555	0.509021	790	1552
1571	0.470663	738	1568
1575	0.464377	730	1572
1578	0.52	819	1575
1592	0.464443	738	1589
1593	0.487421	775	1590
1596	0.47081	750	1593
1609	0.501868	806	1606
1612	0.424487	683	1609
1617	0.600372	969	1614
1640	0.432498	708	1637
1666	0.453397	1508	3326
1667	0.449519	748	1664
1691	0.428318	723	1688
1709	0.47714	814	1706
1721	0.342258	588	1718
1749	0.226804	396	1746
1753	0.507429	888	1750
1755	0.440068	771	1752
1771	0.489253	865	1768
1779	0.498874	886	1776
1791	0.50783	908	1788
1792	0.508105	909	1789
1813	0.507182	918	1810
1820	0.511282	929	1817
1823	0.489011	890	1820
1841	0.647987	1191	1838
1874	0.428113	801	1871
1946	0.514668	1000	1943
1962	0.48392	948	1959
1982	0.473471	937	1979
1990	0.487167	968	1987
1992	0.468074	931	1989
1996	0.441545	880	1993
1997	0.40672	811	1994
1999	0.513026	1024	1996
2003	0.487	974	2000
2015	0.445825	897	2012
2024	0.424048	857	2021
2049	0.509775	1043	2046
2066	0.473582	977	2063
2078	0.491084	1019	2075
2105	0.47764	1004	2102
2106	0.493581	2076	4206
2134	0.514782	1097	2131
2145	0.580299	1243	2142
2151	0.511173	1098	2148
2186	0.510765	1115	2183
2196	0.451892	991	2193
2252	0.594931	1338	2249
2271	0.470679	2135	4536
2293	0.412664	945	2290
2367	0.430626	1018	2364
2405	0.429226	1031	2402
2406	0.382022	918	2403
2407	0.505824	1216	2404
2427	0.513614	1245	2424
2447	0.415303	1015	2444
2488	0.496579	1234	2485
2494	0.50823	1266	2491
2513	0.506773	1272	2510
2526	0.48038	1212	2523
2549	0.580126	1477	2546
2574	0.497861	2560	5142
2578	0.447379	1152	2575
2585	0.629744	1626	2582
2598	0.436224	1132	2595
2634	0.428734	1128	2631
2646	0.508135	1343	2643
2651	0.393882	1043	2648
2732	0.507512	1385	2729
2737	0.44477	1216	2734
2765	0.513396	1418	2762
2788	0.420467	1171	2785
2790	0.44277	1234	2787
2796	0.480845	1343	2793
2803	0.515714	1444	2800
2810	0.431778	1212	2807
2836	0.439463	1245	2833
2846	0.423145	1203	2843
2850	0.506498	1442	2847
2941	0.440095	1293	2938
2975	0.505384	1502	2972
3024	0.476001	1438	3021
3030	0.493558	1494	3027
3050	0.454545	1385	3047
3083	0.371104	1143	3080
3100	0.4598	1424	3097
3129	0.505118	1579	3126
3144	0.503661	1582	3141
3153	0.450794	1420	3150
3208	0.448674	1438	3205
3218	0.479938	1543	3215
3409	0.449207	1530	3406
3649	0.490675	1789	3646
3771	0.506369	1908	3768
3843	0.484635	1861	3840
3867	0.453157	1751	3864
3868	0.483312	1868	3865
3905	0.457458	1785	3902
4095	0.44086	1804	4092
4116	0.505714	2080	4113
4122	0.493324	2032	4119
4233	0.464539	1965	4230
4379	0.464122	2031	4376
4483	0.453795	2033	4480
4762	0.470687	2240	4759
4922	0.511486	2516	4919
5017	0.507778	2546	5014
5212	0.507007	2641	5209
5523	0.465036	2567	5520
5661	0.497702	2816	5658
